1, 0.7199565768241882, 591, 261, 614, 319
2, 0.7077967524528503, 591, 261, 614, 318
3, 0.7148467302322388, 591, 260, 614, 319
4, 0.7144061326980591, 590, 260, 614, 319
5, 0.7036004662513733, 590, 261, 614, 319
6, 0.7088928818702698, 590, 261, 614, 319
7, 0.7218174934387207, 590, 260, 614, 319
8, 0.7302752733230591, 590, 259, 615, 319
9, 0.7234143614768982, 590, 259, 614, 319
10, 0.7365198731422424, 590, 258, 615, 320
11, 0.7330639958381653, 590, 259, 615, 319
12, 0.741858184337616, 590, 258, 615, 320
13, 0.7231671214103699, 589, 260, 615, 320
14, 0.7095164060592651, 589, 260, 614, 320
15, 0.6954581141471863, 589, 261, 614, 318
16, 0.7001135945320129, 589, 261, 614, 318
17, 0.7017170190811157, 589, 261, 614, 318
18, 0.7119883894920349, 589, 261, 614, 319
19, 0.7160992622375488, 589, 260, 614, 319
20, 0.7030255794525146, 589, 261, 614, 318
21, 0.7075210213661194, 589, 261, 614, 319
22, 0.7041669487953186, 589, 260, 614, 319
23, 0.7142387628555298, 589, 260, 614, 320
24, 0.7059014439582825, 589, 260, 614, 320
25, 0.7100737690925598, 589, 259, 614, 320
26, 0.7178490161895752, 590, 259, 614, 320
27, 0.704838216304779, 590, 260, 614, 319
28, 0.7149981260299683, 590, 259, 615, 318
29, 0.7239581942558289, 590, 259, 615, 319
30, 0.715739905834198, 590, 260, 615, 318
31, 0.7204561829566956, 591, 260, 615, 318
32, 0.7156865000724792, 590, 260, 615, 318
33, 0.7317402362823486, 590, 259, 616, 319
34, 0.7342815399169922, 590, 259, 616, 318
35, 0.7289751768112183, 590, 260, 616, 319
36, 0.7265763878822327, 591, 260, 616, 318
37, 0.7181122899055481, 591, 261, 615, 318
38, 0.7346588969230652, 591, 260, 616, 318
39, 0.7304970622062683, 591, 260, 616, 317
40, 0.7285366654396057, 592, 260, 615, 317
41, 0.731947660446167, 592, 261, 616, 318
42, 0.7253611087799072, 592, 260, 615, 318
43, 0.6985506415367126, 592, 262, 615, 317
44, 0.6847556233406067, 592, 263, 614, 316
45, 0.6900411248207092, 592, 263, 615, 316
46, 0.6906375288963318, 592, 262, 615, 316
47, 0.6819339990615845, 592, 263, 614, 316
48, 0.6945849657058716, 592, 262, 615, 317
49, 0.6765706539154053, 592, 262, 614, 317
50, 0.6771911382675171, 592, 263, 614, 316
51, 0.6779071688652039, 592, 262, 614, 317
52, 0.6721819043159485, 591, 263, 614, 316
53, 0.688747763633728, 591, 261, 614, 317
54, 0.7009146213531494, 591, 261, 614, 317
55, 0.6810171604156494, 590, 262, 614, 317
56, 0.6812589764595032, 590, 262, 613, 318
57, 0.687002420425415, 590, 261, 614, 318
58, 0.7019486427307129, 590, 259, 615, 319
59, 0.706091582775116, 590, 259, 614, 320
60, 0.7244529128074646, 590, 258, 615, 321
61, 0.7270500659942627, 590, 259, 615, 321
62, 0.7173202037811279, 590, 261, 614, 319
63, 0.7151169180870056, 591, 262, 613, 319
64, 0.6780791282653809, 591, 265, 612, 315
65, 0.5770105719566345, 589, 266, 609, 309
118, 0.5334880948066711, 591, 269, 608, 315
119, 0.6341922879219055, 590, 265, 609, 317
120, 0.7098150253295898, 591, 261, 612, 320
121, 0.734604001045227, 592, 260, 614, 320
122, 0.7409626245498657, 591, 259, 615, 321
123, 0.7480427026748657, 591, 260, 615, 320
124, 0.7603590488433838, 592, 260, 616, 320
125, 0.7556068301200867, 591, 260, 616, 320
126, 0.755665123462677, 591, 259, 616, 320
127, 0.7467414736747742, 591, 259, 616, 320
128, 0.7372919917106628, 591, 260, 615, 319
129, 0.7265321016311646, 591, 261, 615, 319
130, 0.7326332330703735, 591, 260, 615, 318
131, 0.7032684683799744, 591, 262, 614, 317
132, 0.6327409148216248, 590, 266, 611, 312
133, 0.5799801349639893, 589, 267, 609, 309
149, 0.5807842016220093, 925, 255, 959, 452
150, 0.6034963130950928, 924, 254, 959, 454
151, 0.6816321015357971, 927, 257, 959, 454
152, 0.7082023024559021, 920, 253, 959, 458
153, 0.7177960276603699, 918, 257, 959, 456
154, 0.7096688151359558, 918, 260, 959, 454
155, 0.7010902762413025, 916, 266, 959, 449
156, 0.6984158158302307, 917, 264, 959, 449
157, 0.7105962038040161, 910, 262, 959, 451
158, 0.6630198359489441, 907, 258, 957, 451
159, 0.6467888355255127, 1, 202, 67, 522
159, 0.6883485913276672, 895, 256, 959, 454
160, 0.7206530570983887, 0, 202, 66, 520
160, 0.7183785438537598, 896, 256, 959, 454
161, 0.7041473984718323, 1, 205, 69, 532
161, 0.7170891761779785, 894, 255, 958, 454
162, 0.7260254621505737, 1, 204, 71, 534
162, 0.6927912831306458, 891, 254, 956, 453
163, 0.7198310494422913, 2, 205, 72, 534
163, 0.7348049879074097, 891, 254, 956, 455
164, 0.7264468669891357, 1, 204, 73, 536
164, 0.7607625126838684, 890, 252, 955, 455
165, 0.7335765361785889, 1, 207, 74, 534
165, 0.7615616917610168, 890, 252, 956, 453
166, 0.7329187393188477, 0, 209, 75, 533
166, 0.7558082342147827, 888, 252, 954, 449
167, 0.7122303247451782, 2, 210, 73, 529
167, 0.715014636516571, 888, 254, 955, 449
168, 0.6977352499961853, 3, 207, 70, 531
168, 0.7693573832511902, 886, 254, 952, 449
169, 0.733722984790802, 2, 211, 74, 530
169, 0.806045651435852, 885, 252, 949, 451
170, 0.7347167134284973, 4, 210, 78, 529
170, 0.790105402469635, 883, 251, 948, 453
171, 0.73305344581604, 5, 211, 80, 527
171, 0.7657381296157837, 882, 252, 947, 454
172, 0.6762171983718872, 4, 210, 83, 524
172, 0.7377510070800781, 879, 251, 948, 455
173, 0.6987149715423584, 4, 209, 84, 525
173, 0.7419739365577698, 861, 252, 945, 452
174, 0.7686703205108643, 8, 202, 110, 538
174, 0.7706121206283569, 858, 252, 944, 451
175, 0.7891154885292053, 14, 192, 109, 547
175, 0.7929400205612183, 857, 254, 943, 448
176, 0.7927244305610657, 17, 195, 114, 546
176, 0.812281608581543, 852, 254, 942, 447
177, 0.7955179214477539, 17, 193, 116, 549
177, 0.8197041153907776, 849, 252, 941, 448
178, 0.8066455125808716, 17, 189, 126, 550
178, 0.8137584328651428, 848, 250, 938, 449
179, 0.8208856582641602, 17, 196, 133, 547
179, 0.811350405216217, 846, 250, 936, 451
180, 0.8121229410171509, 23, 198, 138, 545
180, 0.8158553242683411, 846, 249, 936, 452
181, 0.8269086480140686, 22, 194, 145, 551
181, 0.827383816242218, 845, 247, 936, 452
182, 0.8266423344612122, 23, 194, 151, 550
182, 0.8108663558959961, 842, 250, 933, 449
183, 0.8214238286018372, 22, 198, 159, 545
183, 0.8132789731025696, 840, 250, 927, 449
184, 0.5758177638053894, 593, 266, 610, 313
184, 0.8240895867347717, 28, 202, 188, 547
184, 0.793770968914032, 840, 252, 923, 447
185, 0.7036488056182861, 593, 261, 612, 320
185, 0.8258689641952515, 33, 204, 191, 546
185, 0.7972069978713989, 838, 254, 917, 447
186, 0.7292188405990601, 593, 258, 613, 320
186, 0.8448792695999146, 33, 205, 199, 545
186, 0.8010121583938599, 837, 251, 910, 446
187, 0.7390847206115723, 591, 257, 614, 320
187, 0.8513062000274658, 36, 203, 202, 547
187, 0.7885792851448059, 834, 250, 904, 445
188, 0.7395564317703247, 591, 258, 615, 320
188, 0.7547860145568848, 832, 250, 903, 446
188, 0.8117815256118774, 31, 227, 215, 539
189, 0.7565534710884094, 591, 258, 615, 321
189, 0.7530809044837952, 831, 247, 900, 446
189, 0.8358498215675354, 33, 230, 216, 537
190, 0.7488930821418762, 591, 259, 616, 320
190, 0.8294546008110046, 46, 209, 205, 538
190, 0.7402525544166565, 828, 240, 898, 451
191, 0.7266893982887268, 591, 261, 615, 320
191, 0.8472809195518494, 52, 206, 209, 542
191, 0.7203057408332825, 810, 243, 893, 448
192, 0.7375650405883789, 591, 260, 616, 320
192, 0.8395335078239441, 58, 207, 210, 543
192, 0.7087675333023071, 808, 240, 884, 449
193, 0.7562972903251648, 591, 260, 615, 321
193, 0.8259978294372559, 56, 207, 208, 544
193, 0.7470545768737793, 808, 239, 880, 451
194, 0.7637339234352112, 592, 260, 615, 321
194, 0.8465346097946167, 69, 204, 207, 546
194, 0.7508499622344971, 804, 243, 877, 451
195, 0.7766804695129395, 591, 259, 616, 322
195, 0.8384794592857361, 76, 207, 205, 542
195, 0.7648175358772278, 803, 242, 875, 453
196, 0.7631291747093201, 591, 259, 616, 320
196, 0.8334982991218567, 82, 199, 202, 548
196, 0.7373480796813965, 793, 242, 876, 451
197, 0.7583204507827759, 591, 260, 616, 320
197, 0.8492525815963745, 85, 197, 204, 548
197, 0.7749012112617493, 797, 244, 875, 450
198, 0.7489427924156189, 592, 260, 615, 320
198, 0.8301877379417419, 90, 201, 203, 539
198, 0.7887647151947021, 795, 245, 874, 448
199, 0.7626191973686218, 591, 259, 615, 321
199, 0.8234689235687256, 103, 200, 217, 548
199, 0.7797158360481262, 793, 245, 874, 450
200, 0.7525896430015564, 591, 259, 616, 321
200, 0.821166455745697, 112, 203, 216, 543
200, 0.7851027846336365, 788, 247, 873, 451
201, 0.747875452041626, 591, 259, 615, 321
201, 0.827324390411377, 118, 207, 217, 538
201, 0.8117058873176575, 786, 251, 874, 449
202, 0.7407480478286743, 591, 259, 615, 321
202, 0.8305322527885437, 123, 212, 220, 536
202, 0.8023452758789062, 782, 252, 872, 448
203, 0.7388062477111816, 591, 259, 615, 321
203, 0.8363993167877197, 130, 213, 222, 536
203, 0.8169466257095337, 777, 250, 869, 449
204, 0.7086498737335205, 591, 261, 614, 317
204, 0.8254356384277344, 134, 209, 228, 537
204, 0.8142411112785339, 769, 247, 864, 450
205, 0.589093804359436, 589, 265, 610, 310
205, 0.806706428527832, 135, 208, 234, 538
205, 0.7867876887321472, 762, 250, 865, 450
206, 0.8234606981277466, 139, 204, 246, 542
206, 0.7746940851211548, 745, 248, 856, 451
207, 0.7892857193946838, 134, 204, 253, 536
207, 0.8009012341499329, 746, 248, 856, 452
208, 0.8365861773490906, 159, 207, 259, 538
208, 0.8254936337471008, 750, 248, 855, 454
209, 0.8486793637275696, 156, 202, 268, 543
209, 0.8280389308929443, 750, 250, 854, 451
210, 0.839081883430481, 160, 205, 275, 539
210, 0.8185845017433167, 751, 248, 852, 451
211, 0.8222259283065796, 159, 205, 289, 539
211, 0.8190904259681702, 751, 248, 852, 450
212, 0.8371548056602478, 161, 204, 301, 539
212, 0.8158581256866455, 751, 248, 850, 449
213, 0.8237268328666687, 167, 208, 311, 535
213, 0.8262434601783752, 748, 248, 850, 449
214, 0.8222220540046692, 166, 211, 323, 535
214, 0.8338301181793213, 749, 248, 848, 449
215, 0.8431273102760315, 167, 217, 326, 530
215, 0.8271344900131226, 748, 245, 842, 450
216, 0.86944979429245, 168, 218, 326, 529
216, 0.8209705948829651, 747, 246, 830, 451
217, 0.8338850736618042, 177, 211, 339, 537
217, 0.7932618260383606, 743, 248, 828, 453
218, 0.841778039932251, 181, 207, 339, 541
218, 0.8082290887832642, 742, 247, 823, 453
219, 0.8514866232872009, 182, 207, 338, 541
219, 0.8076908588409424, 742, 246, 823, 451
220, 0.8470022082328796, 186, 204, 337, 545
220, 0.8128624558448792, 742, 246, 818, 451
221, 0.8342861533164978, 191, 206, 337, 544
221, 0.8348339200019836, 736, 246, 814, 450
222, 0.8417706489562988, 195, 208, 338, 540
222, 0.8465510606765747, 732, 244, 809, 452
223, 0.8296379446983337, 203, 211, 341, 535
223, 0.8251276016235352, 729, 245, 808, 448
224, 0.8445996046066284, 210, 218, 343, 527
224, 0.8020732402801514, 725, 243, 807, 451
225, 0.824935793876648, 216, 218, 342, 528
225, 0.812813401222229, 723, 245, 807, 452
226, 0.8104537725448608, 226, 218, 337, 527
226, 0.8137393593788147, 724, 245, 805, 453
227, 0.8163412809371948, 225, 218, 335, 522
227, 0.8034377098083496, 723, 247, 802, 453
228, 0.8095884919166565, 231, 219, 337, 520
228, 0.8329290747642517, 719, 247, 787, 448
229, 0.8298569917678833, 235, 217, 336, 521
229, 0.8130151629447937, 716, 249, 785, 448
230, 0.8150693774223328, 237, 216, 339, 520
230, 0.8129798769950867, 711, 246, 784, 448
231, 0.8224306702613831, 244, 217, 339, 519
231, 0.7907135486602783, 706, 246, 779, 450
232, 0.8110559582710266, 247, 219, 341, 518
232, 0.8000312447547913, 701, 249, 779, 450
233, 0.8299053311347961, 253, 215, 342, 519
233, 0.8008400797843933, 700, 252, 779, 448
234, 0.8112816214561462, 271, 210, 353, 516
234, 0.8010740876197815, 700, 256, 778, 449
235, 0.8325198888778687, 270, 211, 359, 515
235, 0.8059275150299072, 694, 257, 778, 450
236, 0.8342781066894531, 272, 215, 364, 511
236, 0.8234883546829224, 687, 255, 776, 450
237, 0.8170828819274902, 276, 218, 368, 506
237, 0.8106379508972168, 686, 256, 772, 449
238, 0.8233529329299927, 276, 217, 374, 508
238, 0.8238429427146912, 685, 257, 772, 447
239, 0.8350460529327393, 276, 219, 377, 511
239, 0.8239502906799316, 682, 260, 774, 447
240, 0.8236988186836243, 281, 222, 379, 510
240, 0.8402316570281982, 681, 267, 771, 446
241, 0.8106945157051086, 281, 223, 385, 512
241, 0.8332803249359131, 679, 266, 770, 446
242, 0.8057202100753784, 283, 215, 395, 521
242, 0.8524028658866882, 676, 264, 764, 447
243, 0.7943951487541199, 283, 213, 402, 524
243, 0.7991078495979309, 675, 264, 757, 450
244, 0.8202798962593079, 299, 217, 426, 521
244, 0.6984675526618958, 670, 268, 759, 452
245, 0.8160680532455444, 296, 220, 432, 517
245, 0.640064537525177, 666, 270, 759, 448
246, 0.8243898749351501, 292, 220, 439, 519
246, 0.6394691467285156, 661, 287, 731, 438
247, 0.5706665515899658, 592, 265, 611, 315
247, 0.8354305028915405, 291, 220, 441, 519
247, 0.7001414895057678, 658, 289, 731, 439
248, 0.6233997344970703, 592, 264, 612, 315
248, 0.8189409971237183, 293, 221, 442, 519
248, 0.7250440716743469, 658, 289, 725, 441
249, 0.6828961968421936, 592, 261, 613, 317
249, 0.8354955315589905, 294, 218, 440, 522
249, 0.7041094899177551, 657, 287, 721, 437
250, 0.7251296043395996, 591, 259, 614, 320
250, 0.844884991645813, 295, 215, 441, 526
250, 0.6938753724098206, 654, 289, 718, 437
251, 0.7314735054969788, 591, 258, 615, 320
251, 0.847881555557251, 301, 212, 440, 530
251, 0.6640413999557495, 651, 288, 714, 439
252, 0.6972952485084534, 591, 260, 615, 320
252, 0.8226942420005798, 306, 214, 442, 529
252, 0.6671357750892639, 647, 288, 713, 438
253, 0.6796848177909851, 590, 261, 614, 319
253, 0.8353284001350403, 308, 212, 439, 529
253, 0.6400418877601624, 646, 287, 711, 444
254, 0.6499655246734619, 591, 264, 614, 317
254, 0.8541147112846375, 312, 207, 442, 535
254, 0.6826984882354736, 640, 288, 705, 440
255, 0.6840040683746338, 591, 262, 615, 319
255, 0.8470821976661682, 315, 205, 443, 536
255, 0.6239461898803711, 638, 283, 704, 443
256, 0.6605429649353027, 591, 263, 615, 318
256, 0.8424590229988098, 323, 205, 443, 534
256, 0.6479274034500122, 638, 284, 702, 442
257, 0.6309050917625427, 591, 263, 614, 317
257, 0.8223724365234375, 323, 208, 450, 528
257, 0.5944858193397522, 636, 287, 700, 441
258, 0.6260066032409668, 592, 264, 614, 315
258, 0.8023543953895569, 327, 209, 451, 529
259, 0.6373359560966492, 591, 264, 614, 315
259, 0.8133959174156189, 331, 208, 452, 530
259, 0.5450454354286194, 631, 286, 700, 443
259, 0.5491840243339539, 922, 256, 959, 445
260, 0.5469655394554138, 613, 18, 738, 474
260, 0.6462713479995728, 592, 263, 614, 315
260, 0.807727038860321, 334, 210, 455, 522
260, 0.5999471545219421, 923, 250, 959, 451
261, 0.6366304755210876, 609, 14, 739, 479
261, 0.6302792429924011, 591, 263, 613, 315
261, 0.7810158133506775, 368, 223, 466, 509
261, 0.6431634426116943, 922, 247, 959, 451
262, 0.5196987986564636, 611, 29, 736, 463
262, 0.6142294406890869, 591, 263, 613, 314
262, 0.8072110414505005, 370, 216, 469, 517
262, 0.6573266983032227, 920, 249, 959, 451
263, 0.6381040811538696, 590, 264, 613, 315
263, 0.8041614294052124, 378, 221, 471, 515
263, 0.7001867294311523, 594, 269, 698, 441
263, 0.6872993111610413, 918, 249, 959, 450
264, 0.62851881980896, 590, 264, 613, 315
264, 0.7771923542022705, 382, 221, 476, 511
264, 0.7441771030426025, 594, 271, 698, 441
264, 0.6782702803611755, 915, 256, 958, 446
265, 0.6514072418212891, 590, 264, 613, 316
265, 0.7826378345489502, 385, 218, 477, 514
265, 0.798520028591156, 592, 266, 696, 442
265, 0.6375318169593811, 917, 255, 959, 450
266, 0.6569457054138184, 590, 266, 613, 316
266, 0.8028537034988403, 385, 216, 485, 523
266, 0.792629599571228, 593, 262, 694, 443
266, 0.642751157283783, 919, 260, 959, 449
267, 0.6415934562683105, 588, 266, 611, 316
267, 0.8159310817718506, 389, 213, 491, 528
267, 0.8073079586029053, 593, 262, 694, 443
267, 0.6789387464523315, 916, 257, 959, 448
268, 0.618827223777771, 589, 265, 610, 315
268, 0.8088283538818359, 392, 213, 492, 529
268, 0.7899847030639648, 592, 264, 693, 444
268, 0.5934675931930542, 915, 258, 959, 449
269, 0.7436198592185974, 402, 219, 522, 511
269, 0.8032558560371399, 591, 258, 689, 443
269, 0.5978341698646545, 911, 257, 956, 448
270, 0.7652052044868469, 400, 217, 527, 515
270, 0.827707827091217, 591, 257, 688, 444
270, 0.6179050803184509, 908, 257, 956, 443
271, 0.7622976899147034, 400, 218, 529, 517
271, 0.8321269154548645, 587, 260, 683, 443
271, 0.6568004488945007, 905, 249, 956, 447
272, 0.7888888716697693, 401, 216, 538, 523
272, 0.8059906363487244, 585, 256, 678, 444
272, 0.6411873698234558, 902, 252, 958, 441
273, 0.7909975647926331, 403, 221, 532, 520
273, 0.8036545515060425, 585, 255, 673, 446
273, 0.6223347783088684, 902, 250, 957, 443
274, 0.8217902183532715, 405, 224, 545, 517
274, 0.8197051882743835, 583, 256, 667, 445
274, 0.6438962817192078, 894, 249, 957, 453
275, 0.8271500468254089, 409, 222, 553, 518
275, 0.8213314414024353, 582, 260, 665, 447
275, 0.7284514904022217, 892, 250, 954, 453
276, 0.8363280892372131, 411, 224, 554, 515
276, 0.7948048710823059, 581, 257, 659, 448
276, 0.7746766805648804, 886, 252, 952, 447
277, 0.8337204456329346, 412, 222, 560, 514
277, 0.7957379817962646, 581, 255, 653, 449
277, 0.7794645428657532, 887, 252, 953, 447
278, 0.829888641834259, 413, 226, 562, 514
278, 0.7943353652954102, 579, 250, 648, 450
278, 0.8013080954551697, 884, 250, 952, 444
279, 0.8315165042877197, 418, 230, 564, 513
279, 0.7240493297576904, 576, 252, 647, 451
279, 0.7931348085403442, 883, 250, 949, 445
280, 0.8408561944961548, 420, 228, 563, 517
280, 0.7373338937759399, 558, 249, 638, 448
280, 0.7976208925247192, 882, 248, 948, 445
281, 0.8402203917503357, 424, 224, 566, 523
281, 0.7856674790382385, 559, 249, 640, 445
281, 0.7660739421844482, 881, 248, 948, 449
282, 0.8415774703025818, 426, 220, 565, 526
282, 0.7751109004020691, 558, 247, 637, 445
282, 0.7357476353645325, 879, 246, 948, 451
283, 0.7728588581085205, 431, 219, 559, 527
283, 0.77845299243927, 554, 243, 633, 447
283, 0.7065293788909912, 856, 251, 949, 448
284, 0.7687594294548035, 438, 218, 557, 528
284, 0.7666242718696594, 554, 245, 633, 447
284, 0.7411136627197266, 854, 252, 948, 449
285, 0.7566654086112976, 442, 221, 554, 526
285, 0.7764058113098145, 552, 245, 629, 446
285, 0.7818215489387512, 852, 254, 948, 447
286, 0.8054051995277405, 448, 221, 552, 526
286, 0.757872462272644, 552, 247, 626, 445
286, 0.809132993221283, 850, 255, 951, 445
287, 0.8153232932090759, 449, 224, 553, 520
287, 0.7332305312156677, 549, 248, 623, 448
287, 0.8214918375015259, 849, 254, 950, 446
288, 0.8319797515869141, 451, 222, 553, 521
288, 0.7039159536361694, 548, 250, 620, 448
288, 0.8278387188911438, 847, 254, 950, 444
289, 0.8456889390945435, 453, 219, 552, 523
289, 0.7180278897285461, 545, 246, 616, 452
289, 0.8397279381752014, 845, 256, 947, 444
290, 0.8002859354019165, 470, 214, 559, 516
290, 0.6993900537490845, 544, 242, 616, 458
290, 0.8226057291030884, 845, 257, 945, 443
291, 0.8002275228500366, 471, 214, 559, 519
291, 0.7074845433235168, 546, 237, 619, 462
291, 0.8238617777824402, 843, 259, 944, 442
292, 0.7872818112373352, 471, 228, 560, 508
292, 0.7093365788459778, 541, 241, 624, 467
292, 0.8106766939163208, 842, 257, 943, 442
293, 0.7584838271141052, 472, 224, 563, 509
293, 0.7418135404586792, 539, 235, 626, 472
293, 0.8054047226905823, 845, 257, 940, 442
294, 0.7480137944221497, 470, 216, 569, 520
294, 0.7148625254631042, 537, 235, 623, 473
294, 0.8013002276420593, 845, 257, 935, 442
295, 0.7521851062774658, 467, 212, 578, 525
295, 0.6543264985084534, 528, 227, 615, 481
295, 0.8030757904052734, 844, 254, 935, 442
296, 0.7858491539955139, 470, 215, 581, 519
296, 0.5269889831542969, 521, 229, 611, 485
296, 0.8136653304100037, 845, 252, 933, 445
297, 0.7791846394538879, 475, 219, 583, 518
297, 0.8200841546058655, 843, 250, 933, 447
298, 0.7372136116027832, 480, 225, 587, 513
298, 0.8121657371520996, 840, 250, 928, 446
299, 0.7452932596206665, 481, 221, 591, 517
299, 0.754439115524292, 838, 250, 922, 446
300, 0.7885684370994568, 480, 219, 591, 516
300, 0.7365460395812988, 836, 245, 917, 447
301, 0.7916787266731262, 483, 221, 586, 515
301, 0.7205219268798828, 833, 245, 909, 447
302, 0.7734251618385315, 485, 222, 590, 520
302, 0.7282549142837524, 831, 241, 904, 447
303, 0.7516031265258789, 527, 229, 606, 507
303, 0.6802054047584534, 831, 240, 901, 448
304, 0.7961950302124023, 522, 229, 614, 510
304, 0.6580504179000854, 812, 245, 892, 443
305, 0.8204540610313416, 520, 222, 620, 516
305, 0.7753835320472717, 816, 244, 890, 445
306, 0.8205149173736572, 523, 219, 623, 518
306, 0.7922396063804626, 814, 247, 891, 443
307, 0.8146224021911621, 521, 221, 625, 516
307, 0.7689113616943359, 810, 245, 887, 444
308, 0.5255643725395203, 502, 244, 542, 330
308, 0.7631802558898926, 520, 232, 627, 506
308, 0.7467632293701172, 805, 243, 881, 445
309, 0.7659738659858704, 517, 228, 627, 509
309, 0.7395647764205933, 802, 242, 881, 446
310, 0.5168625116348267, 489, 254, 579, 474
310, 0.7751641869544983, 518, 229, 627, 507
310, 0.7451469302177429, 803, 242, 880, 449
311, 0.5503363013267517, 459, 253, 544, 475
311, 0.7440700531005859, 521, 230, 624, 509
311, 0.746370255947113, 802, 242, 878, 448
312, 0.6818552017211914, 461, 252, 541, 466
312, 0.7192203402519226, 522, 229, 625, 512
312, 0.7361922860145569, 798, 239, 878, 448
313, 0.727371096611023, 522, 232, 629, 510
313, 0.7263361215591431, 796, 241, 879, 448
314, 0.7530332803726196, 460, 249, 540, 454
314, 0.7257078886032104, 792, 240, 876, 450
314, 0.7712721228599548, 522, 267, 640, 515
315, 0.8165679574012756, 460, 252, 540, 450
315, 0.7401408553123474, 785, 242, 876, 451
315, 0.7814640998840332, 528, 272, 639, 508
316, 0.5520691871643066, 571, 246, 617, 340
316, 0.8031535148620605, 457, 254, 538, 449
316, 0.7637655735015869, 782, 242, 877, 450
316, 0.8017560243606567, 524, 269, 642, 507
317, 0.8212354183197021, 457, 252, 537, 447
317, 0.7847352623939514, 779, 246, 878, 449
317, 0.7772771716117859, 525, 257, 641, 513
318, 0.8253586292266846, 453, 253, 534, 446
318, 0.7803995013237, 537, 238, 634, 508
318, 0.7992928624153137, 777, 246, 877, 449
319, 0.7994052171707153, 450, 254, 532, 447
319, 0.807492733001709, 773, 246, 873, 449
319, 0.7708836793899536, 537, 266, 640, 504
320, 0.8124642372131348, 447, 252, 532, 445
320, 0.8065541386604309, 769, 249, 874, 447
320, 0.7972261905670166, 541, 267, 643, 504
321, 0.8360062837600708, 442, 245, 531, 450
321, 0.7769625186920166, 544, 234, 643, 509
321, 0.7943679094314575, 768, 249, 873, 446
322, 0.8502506613731384, 438, 242, 533, 451
322, 0.7736421227455139, 546, 235, 647, 506
322, 0.7775291204452515, 762, 246, 872, 448
323, 0.8398545384407043, 433, 247, 532, 448
323, 0.7989304065704346, 569, 248, 660, 498
323, 0.7521268725395203, 762, 246, 870, 448
324, 0.8507749438285828, 435, 247, 530, 449
324, 0.7933447360992432, 574, 250, 663, 498
324, 0.743221640586853, 765, 247, 868, 448
325, 0.8485565781593323, 435, 256, 532, 444
325, 0.8031231164932251, 572, 250, 664, 501
325, 0.7591307759284973, 753, 249, 854, 451
326, 0.8680841326713562, 434, 248, 533, 448
326, 0.7992009520530701, 572, 249, 670, 502
326, 0.7996358871459961, 756, 246, 850, 454
327, 0.8649621605873108, 433, 247, 529, 450
327, 0.7914723753929138, 572, 248, 677, 501
327, 0.7839950323104858, 756, 245, 849, 453
328, 0.862726628780365, 431, 245, 525, 451
328, 0.7814024090766907, 578, 252, 682, 497
328, 0.7948558330535889, 756, 246, 849, 452
329, 0.8815106749534607, 426, 248, 519, 449
329, 0.7838496565818787, 753, 244, 849, 453
329, 0.7322738170623779, 583, 262, 681, 502
330, 0.9072090983390808, 427, 252, 513, 450
330, 0.777804970741272, 754, 245, 842, 452
330, 0.7294502258300781, 588, 262, 682, 503
331, 0.5635656118392944, 587, 262, 613, 307
331, 0.9175318479537964, 423, 261, 511, 447
331, 0.7169404029846191, 593, 249, 683, 497
331, 0.7670803666114807, 754, 245, 838, 451
332, 0.5104650855064392, 588, 263, 611, 305
332, 0.9019688963890076, 419, 254, 505, 445
332, 0.7621763348579407, 756, 240, 837, 453
332, 0.7237627506256104, 593, 265, 677, 501
333, 0.5369486808776855, 589, 261, 611, 305
333, 0.8925253748893738, 419, 256, 503, 444
333, 0.7328578233718872, 754, 241, 832, 452
333, 0.7493227124214172, 595, 268, 683, 497
334, 0.556401789188385, 589, 260, 612, 309
334, 0.8585880398750305, 419, 254, 499, 444
334, 0.7665201425552368, 756, 240, 829, 452
334, 0.7636792659759521, 598, 268, 689, 497
335, 0.5848163962364197, 590, 261, 612, 310
335, 0.8132520914077759, 418, 251, 499, 443
335, 0.7669419646263123, 752, 239, 823, 455
335, 0.760770320892334, 596, 270, 695, 497
336, 0.587009072303772, 591, 263, 612, 312
336, 0.7972878217697144, 417, 249, 500, 444
336, 0.7661941051483154, 750, 238, 821, 456
336, 0.7793362140655518, 595, 274, 701, 499
337, 0.6081263422966003, 591, 263, 612, 314
337, 0.7748861312866211, 413, 245, 486, 445
337, 0.7716076970100403, 749, 237, 816, 459
337, 0.7938525676727295, 596, 277, 703, 497
338, 0.6305230259895325, 591, 262, 611, 315
338, 0.7511813640594482, 411, 251, 484, 445
338, 0.7968735694885254, 743, 237, 815, 456
338, 0.8150910139083862, 594, 284, 703, 496
339, 0.6146525740623474, 591, 264, 612, 313
339, 0.7857180833816528, 405, 248, 478, 449
339, 0.795709490776062, 736, 238, 809, 454
339, 0.8120915293693542, 592, 285, 703, 496
340, 0.6092608571052551, 591, 264, 611, 313
340, 0.7870858311653137, 402, 246, 472, 448
340, 0.8205702304840088, 731, 239, 804, 453
340, 0.8154304623603821, 594, 282, 703, 499
341, 0.5904600620269775, 591, 264, 611, 312
341, 0.7719900012016296, 399, 248, 471, 445
341, 0.8083798885345459, 726, 242, 806, 453
341, 0.8225890398025513, 598, 284, 703, 500
342, 0.5944282412528992, 591, 264, 611, 313
342, 0.8329443335533142, 399, 239, 468, 450
342, 0.795208215713501, 724, 240, 806, 453
342, 0.8251464366912842, 599, 285, 703, 500
343, 0.6225091218948364, 590, 264, 613, 313
343, 0.8505313396453857, 394, 239, 463, 448
343, 0.8026608824729919, 712, 248, 795, 451
343, 0.8239288926124573, 601, 287, 704, 499
344, 0.644906759262085, 591, 264, 613, 314
344, 0.8570086359977722, 391, 241, 459, 448
344, 0.8282869458198547, 708, 250, 795, 453
344, 0.8303939700126648, 601, 291, 722, 491
345, 0.6441152691841125, 591, 263, 612, 314
345, 0.8464345932006836, 389, 243, 455, 448
345, 0.8222016096115112, 708, 248, 796, 452
345, 0.8237651586532593, 606, 289, 715, 490
346, 0.6567808389663696, 591, 263, 613, 315
346, 0.8474072813987732, 388, 248, 455, 446
346, 0.8522970676422119, 711, 249, 796, 452
346, 0.831360399723053, 608, 289, 713, 493
347, 0.665004312992096, 590, 262, 613, 315
347, 0.8550373911857605, 381, 248, 452, 443
347, 0.8686392307281494, 711, 247, 796, 457
347, 0.8361086249351501, 609, 291, 714, 496
348, 0.6631706357002258, 591, 263, 613, 316
348, 0.8838114142417908, 377, 248, 452, 442
348, 0.8727260231971741, 710, 247, 797, 459
348, 0.8393031358718872, 612, 291, 712, 495
349, 0.683012068271637, 591, 262, 613, 317
349, 0.889499306678772, 375, 252, 452, 440
349, 0.8753833770751953, 710, 246, 797, 462
349, 0.8447765111923218, 616, 291, 711, 492
350, 0.6900610327720642, 591, 261, 613, 317
350, 0.9025430679321289, 371, 254, 451, 440
350, 0.8704372644424438, 710, 245, 795, 461
350, 0.8525212407112122, 622, 292, 710, 493
351, 0.687782347202301, 591, 261, 613, 317
351, 0.8588428497314453, 363, 257, 454, 437
351, 0.852838933467865, 704, 251, 795, 461
351, 0.8190314769744873, 626, 293, 709, 493
352, 0.648879885673523, 590, 263, 612, 315
352, 0.8424621820449829, 359, 253, 456, 438
352, 0.8198888301849365, 703, 250, 790, 463
352, 0.7693355679512024, 628, 290, 719, 494
353, 0.6534258723258972, 590, 263, 611, 315
353, 0.8114783763885498, 344, 249, 449, 441
353, 0.8359110355377197, 703, 242, 789, 473
353, 0.7612948417663574, 631, 286, 718, 495
354, 0.6425266265869141, 589, 264, 610, 316
354, 0.8234779834747314, 345, 246, 447, 444
354, 0.8099381327629089, 698, 245, 787, 474
354, 0.7318801879882812, 635, 283, 718, 493
355, 0.6599334478378296, 588, 264, 610, 315
355, 0.8567200303077698, 339, 244, 449, 444
355, 0.8076073527336121, 702, 247, 785, 473
355, 0.704927384853363, 644, 281, 721, 493
356, 0.6155076622962952, 587, 266, 608, 314
356, 0.8504140377044678, 336, 247, 446, 444
356, 0.7973790764808655, 699, 249, 781, 472
356, 0.7120499014854431, 642, 279, 722, 488
357, 0.6299811601638794, 587, 265, 610, 314
357, 0.845574676990509, 330, 249, 442, 442
357, 0.7775257229804993, 698, 250, 780, 473
357, 0.6916215419769287, 641, 282, 724, 487
358, 0.6261321306228638, 587, 265, 608, 314
358, 0.8475030660629272, 329, 248, 442, 443
358, 0.758773922920227, 696, 258, 779, 466
358, 0.6548143625259399, 643, 289, 728, 491
359, 0.591432511806488, 586, 265, 607, 311
359, 0.8408507704734802, 326, 247, 438, 444
359, 0.7210423946380615, 690, 259, 767, 470
359, 0.664168119430542, 647, 291, 734, 489
360, 0.552963376045227, 586, 265, 607, 309
360, 0.8584309220314026, 326, 247, 440, 442
360, 0.7095346450805664, 692, 255, 761, 478
360, 0.6766335964202881, 652, 290, 736, 490
361, 0.5167247653007507, 585, 266, 606, 309
361, 0.8480443954467773, 324, 246, 434, 442
361, 0.7053441405296326, 652, 289, 741, 492
362, 0.8479530215263367, 324, 247, 427, 443
362, 0.7084614634513855, 656, 291, 740, 492
363, 0.5072503089904785, 584, 266, 606, 307
363, 0.8395529389381409, 323, 243, 421, 444
363, 0.6878408193588257, 658, 288, 739, 492
364, 0.501553475856781, 585, 265, 606, 308
364, 0.8829908967018127, 323, 241, 412, 444
364, 0.7152206301689148, 683, 250, 755, 482
365, 0.8978105187416077, 320, 241, 409, 443
365, 0.7832929491996765, 685, 241, 750, 485
366, 0.8978387713432312, 321, 241, 404, 443
366, 0.7766496539115906, 687, 242, 750, 484
367, 0.8700278997421265, 320, 239, 401, 445
367, 0.7741335034370422, 686, 239, 754, 488
368, 0.857306957244873, 321, 238, 398, 446
368, 0.8069050312042236, 683, 240, 756, 487
369, 0.5318173766136169, 585, 265, 607, 312
369, 0.8499308228492737, 322, 235, 396, 448
369, 0.8005934953689575, 687, 238, 755, 489
370, 0.5696199536323547, 585, 264, 607, 314
370, 0.8396324515342712, 319, 239, 382, 447
370, 0.7370445728302002, 690, 238, 759, 484
371, 0.6098453402519226, 587, 264, 609, 317
371, 0.8369749784469604, 314, 237, 385, 448
371, 0.7507661581039429, 686, 240, 762, 485
372, 0.6595612168312073, 589, 265, 610, 319
372, 0.8240190148353577, 312, 235, 384, 450
372, 0.7294826507568359, 687, 239, 763, 489
373, 0.7001392841339111, 588, 263, 610, 322
373, 0.7791129350662231, 312, 236, 381, 449
373, 0.7481865882873535, 683, 240, 762, 490
374, 0.7193300724029541, 588, 261, 612, 322
374, 0.8318760395050049, 310, 236, 378, 449
374, 0.7454029321670532, 681, 240, 761, 492
375, 0.7377872467041016, 588, 261, 613, 322
375, 0.8331812024116516, 310, 240, 376, 446
375, 0.7153699398040771, 682, 243, 760, 487
376, 0.747909426689148, 587, 260, 614, 321
376, 0.8410167694091797, 309, 241, 374, 445
376, 0.6939781308174133, 686, 240, 756, 489
377, 0.7113296985626221, 588, 260, 615, 320
377, 0.8212900757789612, 302, 240, 371, 445
377, 0.7205586433410645, 684, 236, 755, 494
377, 0.5107260942459106, 650, 305, 713, 467
378, 0.6896103620529175, 588, 262, 615, 319
378, 0.8322073221206665, 298, 243, 371, 443
378, 0.6360884308815002, 643, 279, 703, 455
378, 0.732374906539917, 686, 241, 760, 487
379, 0.7008292078971863, 589, 263, 615, 319
379, 0.8422871232032776, 292, 243, 374, 443
379, 0.685551106929779, 640, 280, 700, 453
379, 0.7422375082969666, 683, 238, 769, 489
380, 0.6945367455482483, 588, 263, 615, 318
380, 0.8188762664794922, 290, 246, 375, 441
380, 0.7112638354301453, 633, 281, 705, 450
380, 0.7384026050567627, 686, 241, 774, 491
381, 0.6801834106445312, 588, 262, 615, 317
381, 0.8132785558700562, 282, 244, 376, 443
381, 0.675997257232666, 628, 285, 710, 452
381, 0.7331408858299255, 687, 236, 780, 493
382, 0.6758249998092651, 588, 261, 614, 317
382, 0.8084250092506409, 276, 247, 375, 443
382, 0.7217390537261963, 624, 288, 712, 449
382, 0.7881026268005371, 697, 239, 784, 493
383, 0.6800825595855713, 588, 261, 614, 317
383, 0.8193712830543518, 273, 247, 373, 443
383, 0.7333896160125732, 622, 286, 712, 444
383, 0.8245221972465515, 703, 237, 787, 492
384, 0.5080190896987915, 608, 37, 729, 461
384, 0.6623440980911255, 588, 261, 614, 316
384, 0.811252236366272, 272, 248, 371, 442
384, 0.6595224738121033, 624, 288, 710, 441
384, 0.8327825665473938, 705, 238, 787, 494
385, 0.6545352935791016, 588, 262, 614, 316
385, 0.8200435042381287, 272, 256, 370, 438
385, 0.6921730041503906, 599, 281, 705, 447
385, 0.83890300989151, 708, 229, 788, 497
386, 0.652859628200531, 588, 262, 614, 316
386, 0.8234352469444275, 271, 253, 368, 437
386, 0.805387020111084, 599, 280, 702, 447
386, 0.8063181042671204, 705, 232, 788, 494
387, 0.657446026802063, 588, 261, 614, 316
387, 0.8300012350082397, 269, 254, 367, 437
387, 0.8000638484954834, 598, 281, 702, 448
387, 0.8114265203475952, 705, 233, 786, 494
388, 0.6601230502128601, 588, 262, 614, 317
388, 0.8453289866447449, 267, 251, 365, 438
388, 0.805898129940033, 599, 281, 701, 447
388, 0.8173065781593323, 707, 232, 787, 496
389, 0.6646700501441956, 588, 262, 614, 318
389, 0.8385712504386902, 264, 251, 364, 440
389, 0.8257531523704529, 598, 282, 703, 446
389, 0.8076683282852173, 707, 230, 792, 500
390, 0.6571713089942932, 587, 261, 613, 318
390, 0.8674452304840088, 264, 245, 359, 443
390, 0.8165755867958069, 595, 284, 703, 447
390, 0.7931262850761414, 707, 236, 792, 498
391, 0.6604357957839966, 588, 261, 614, 317
391, 0.8612197637557983, 267, 245, 353, 442
391, 0.7954275012016296, 592, 284, 704, 446
391, 0.8044905066490173, 722, 233, 813, 498
392, 0.6691142320632935, 588, 261, 614, 317
392, 0.8396236896514893, 267, 243, 349, 444
392, 0.7868400812149048, 591, 287, 702, 447
392, 0.8015444874763489, 723, 235, 817, 500
393, 0.6580795049667358, 589, 262, 614, 315
393, 0.813987672328949, 260, 245, 333, 442
393, 0.7576032280921936, 592, 288, 701, 446
393, 0.8060503602027893, 723, 238, 818, 497
394, 0.6629577279090881, 588, 261, 615, 316
394, 0.8217346668243408, 259, 245, 331, 441
394, 0.6123718023300171, 592, 283, 700, 446
394, 0.7950349450111389, 723, 235, 818, 496
395, 0.6686381697654724, 588, 262, 615, 316
395, 0.8038204908370972, 259, 241, 326, 445
395, 0.6032941937446594, 592, 285, 698, 447
395, 0.8003605008125305, 726, 243, 821, 493
396, 0.6543506383895874, 589, 263, 615, 313
396, 0.7974920272827148, 252, 241, 324, 445
396, 0.6445908546447754, 595, 282, 695, 447
396, 0.8036421537399292, 725, 243, 821, 492
397, 0.6218999028205872, 590, 262, 614, 312
397, 0.7936580181121826, 250, 227, 320, 445
397, 0.5706058740615845, 595, 277, 692, 445
397, 0.8095558881759644, 726, 244, 822, 494
398, 0.6273782253265381, 591, 260, 614, 314
398, 0.7846744060516357, 250, 227, 318, 444
398, 0.6771560311317444, 593, 270, 684, 444
398, 0.8196343183517456, 728, 244, 821, 494
399, 0.6048884987831116, 591, 259, 614, 314
399, 0.7503899931907654, 247, 229, 315, 443
399, 0.7070590257644653, 596, 264, 686, 441
399, 0.8344420194625854, 726, 245, 824, 494
400, 0.5328713655471802, 590, 258, 613, 314
400, 0.7745838761329651, 250, 236, 319, 450
400, 0.7995823621749878, 594, 259, 680, 441
400, 0.8274061679840088, 729, 246, 822, 492
401, 0.5143699645996094, 589, 259, 613, 314
401, 0.7517086267471313, 245, 238, 317, 449
401, 0.8183082342147827, 588, 259, 675, 440
401, 0.8241819143295288, 729, 245, 821, 490
402, 0.8017580509185791, 240, 231, 306, 441
402, 0.8409035205841064, 586, 258, 664, 442
402, 0.8303360939025879, 731, 248, 823, 490
403, 0.8393191695213318, 237, 229, 300, 443
403, 0.8505321145057678, 585, 251, 659, 445
403, 0.8390929102897644, 729, 244, 826, 490
404, 0.8530397415161133, 233, 229, 295, 443
404, 0.8685267567634583, 581, 246, 649, 447
404, 0.8434790372848511, 728, 243, 826, 490
405, 0.8692748546600342, 230, 227, 293, 446
405, 0.8580330610275269, 579, 240, 643, 449
405, 0.848522424697876, 729, 237, 826, 493
406, 0.8616505861282349, 229, 224, 293, 449
406, 0.8268229961395264, 578, 238, 643, 450
406, 0.8454627990722656, 729, 238, 828, 497
407, 0.8701550364494324, 227, 224, 290, 448
407, 0.8003377914428711, 567, 238, 638, 453
407, 0.8360073566436768, 731, 240, 831, 494
408, 0.8090055584907532, 226, 225, 291, 447
408, 0.8182672262191772, 565, 241, 636, 451
408, 0.8330719470977783, 733, 241, 834, 494
409, 0.8449673652648926, 216, 228, 281, 448
409, 0.8208743333816528, 565, 242, 632, 452
409, 0.8414280414581299, 733, 240, 830, 493
410, 0.8027048110961914, 214, 227, 280, 450
410, 0.8386354446411133, 564, 247, 630, 449
410, 0.8270827531814575, 737, 239, 829, 492
411, 0.8162767887115479, 213, 224, 279, 453
411, 0.8587350845336914, 561, 253, 630, 445
411, 0.8151196241378784, 741, 240, 828, 491
412, 0.8233652114868164, 206, 235, 284, 451
412, 0.8552491068840027, 556, 253, 628, 447
412, 0.8098950386047363, 746, 239, 824, 489
413, 0.8435006737709045, 196, 235, 283, 451
413, 0.842494010925293, 552, 248, 627, 449
413, 0.7906780242919922, 747, 242, 822, 489
414, 0.8448562026023865, 190, 236, 283, 450
414, 0.8540515899658203, 553, 248, 627, 449
414, 0.7930008172988892, 748, 243, 819, 484
415, 0.8444522023200989, 186, 240, 283, 446
415, 0.856240451335907, 552, 253, 626, 445
415, 0.7852416634559631, 749, 240, 821, 481
416, 0.8410574793815613, 186, 240, 284, 447
416, 0.8619880676269531, 548, 255, 626, 444
416, 0.7882498502731323, 752, 244, 824, 481
417, 0.8255055546760559, 185, 242, 281, 446
417, 0.8472331762313843, 536, 255, 626, 445
417, 0.8037014007568359, 753, 245, 825, 480
418, 0.8144707679748535, 182, 245, 282, 445
418, 0.8446902632713318, 532, 253, 624, 445
418, 0.80759197473526, 754, 245, 826, 478
419, 0.8025182485580444, 178, 244, 283, 447
419, 0.8566103577613831, 529, 256, 626, 444
419, 0.8178247213363647, 754, 246, 828, 479
420, 0.8205077648162842, 180, 241, 283, 448
420, 0.8541457056999207, 524, 255, 624, 443
420, 0.8167139887809753, 756, 246, 829, 475
421, 0.8136978149414062, 182, 239, 276, 449
421, 0.8501772284507751, 525, 253, 623, 442
421, 0.81632399559021, 757, 249, 831, 475
422, 0.8222912549972534, 182, 237, 271, 450
422, 0.8450137972831726, 524, 255, 622, 441
422, 0.8079553246498108, 757, 246, 831, 473
423, 0.8307873606681824, 181, 240, 266, 448
423, 0.8280596733093262, 523, 255, 623, 441
423, 0.8084248304367065, 756, 246, 832, 473
424, 0.8627505898475647, 177, 237, 258, 450
424, 0.8314401507377625, 524, 257, 621, 442
424, 0.8103219866752625, 756, 247, 834, 474
425, 0.8366343379020691, 175, 230, 252, 443
425, 0.8400155901908875, 523, 258, 620, 442
425, 0.804368793964386, 757, 247, 833, 475
426, 0.8119546175003052, 173, 231, 250, 443
426, 0.8481078147888184, 521, 254, 615, 443
426, 0.8100065588951111, 757, 244, 834, 474
427, 0.7666724324226379, 172, 232, 247, 441
427, 0.8187611103057861, 517, 250, 614, 444
427, 0.8122576475143433, 760, 243, 837, 481
428, 0.8203850984573364, 171, 232, 245, 441
428, 0.7780069708824158, 517, 248, 615, 444
428, 0.8240511417388916, 761, 240, 839, 484
429, 0.7568991184234619, 171, 232, 246, 439
429, 0.7011718153953552, 517, 250, 612, 443
429, 0.8203651905059814, 762, 243, 841, 485
430, 0.7089107632637024, 161, 232, 229, 441
430, 0.7116488814353943, 493, 245, 599, 447
430, 0.8115935325622559, 763, 242, 842, 487
431, 0.7710646986961365, 161, 230, 227, 442
431, 0.757981538772583, 494, 242, 595, 449
431, 0.7982240319252014, 760, 238, 843, 483
432, 0.757206380367279, 160, 229, 224, 443
432, 0.7533713579177856, 491, 244, 592, 446
432, 0.7850444912910461, 760, 241, 845, 480
433, 0.7532352805137634, 155, 227, 221, 445
433, 0.7698659300804138, 492, 241, 588, 448
433, 0.7547001838684082, 756, 243, 847, 481
434, 0.7320468425750732, 147, 229, 216, 443
434, 0.7621903419494629, 496, 241, 586, 450
434, 0.8104366660118103, 776, 250, 851, 480
435, 0.7096526026725769, 142, 230, 214, 440
435, 0.7344298362731934, 492, 244, 575, 450
435, 0.8145107626914978, 778, 253, 851, 478
436, 0.7519055008888245, 141, 229, 212, 441
436, 0.7348588109016418, 488, 243, 570, 450
436, 0.8091070055961609, 776, 253, 854, 475
437, 0.7422789931297302, 139, 230, 209, 440
437, 0.7479397654533386, 486, 242, 564, 451
437, 0.8147103786468506, 776, 252, 856, 476
438, 0.773611843585968, 139, 231, 209, 441
438, 0.7144004702568054, 486, 245, 562, 447
438, 0.8067167401313782, 775, 253, 859, 478
439, 0.7795017957687378, 139, 233, 210, 438
439, 0.777953028678894, 483, 241, 560, 448
439, 0.8069445490837097, 775, 254, 860, 480
440, 0.7526728510856628, 137, 232, 210, 441
440, 0.8160026669502258, 480, 241, 558, 450
440, 0.7879320979118347, 775, 251, 861, 479
441, 0.786687433719635, 131, 233, 208, 443
441, 0.8371104001998901, 480, 235, 555, 453
441, 0.7944186925888062, 779, 249, 860, 481
442, 0.7669117450714111, 128, 247, 218, 440
442, 0.8257309198379517, 479, 234, 554, 457
442, 0.7925021052360535, 784, 250, 861, 477
443, 0.8266944885253906, 118, 243, 211, 442
443, 0.8012132048606873, 477, 233, 549, 457
443, 0.7915907502174377, 786, 250, 863, 474
444, 0.8406065106391907, 112, 243, 212, 442
444, 0.8149324655532837, 477, 232, 549, 459
444, 0.7822454571723938, 790, 249, 865, 474
445, 0.8449686765670776, 106, 241, 210, 443
445, 0.7862212061882019, 474, 231, 550, 459
445, 0.7927400469779968, 793, 247, 866, 475
446, 0.8602135181427002, 104, 242, 211, 442
446, 0.7559307217597961, 474, 233, 549, 457
446, 0.7928214073181152, 797, 247, 868, 475
447, 0.8652363419532776, 102, 246, 208, 439
447, 0.7129578590393066, 456, 249, 539, 450
447, 0.7865962386131287, 797, 248, 870, 474
448, 0.8691707253456116, 102, 249, 207, 440
448, 0.8100334405899048, 453, 246, 539, 452
448, 0.7897024750709534, 797, 248, 875, 472
449, 0.8551352024078369, 101, 248, 208, 438
449, 0.825009822845459, 447, 255, 538, 451
449, 0.7901091575622559, 799, 247, 877, 470
450, 0.8362789750099182, 102, 249, 207, 437
450, 0.8280814290046692, 442, 254, 540, 450
450, 0.7968075275421143, 799, 246, 878, 470
451, 0.5426734685897827, 587, 268, 603, 318
451, 0.8024201393127441, 100, 243, 189, 446
451, 0.8324475884437561, 438, 257, 541, 449
451, 0.8067470788955688, 801, 246, 882, 470
452, 0.5900639891624451, 588, 267, 604, 318
452, 0.7903726696968079, 94, 244, 187, 446
452, 0.8188468813896179, 435, 258, 541, 447
452, 0.7853792309761047, 802, 249, 885, 468
453, 0.8042760491371155, 88, 243, 176, 446
453, 0.8282497525215149, 435, 257, 543, 447
453, 0.7816545963287354, 803, 249, 884, 466
454, 0.5276051759719849, 589, 268, 605, 318
454, 0.8043393492698669, 86, 244, 176, 445
454, 0.8185237646102905, 431, 254, 539, 448
454, 0.7993605732917786, 804, 248, 886, 468
455, 0.8131574988365173, 86, 247, 170, 444
455, 0.8363403677940369, 427, 249, 537, 449
455, 0.7971472144126892, 805, 248, 892, 472
456, 0.8201357126235962, 84, 247, 168, 443
456, 0.8281131982803345, 428, 250, 535, 451
456, 0.7991388440132141, 805, 250, 894, 471
457, 0.8174653053283691, 82, 246, 162, 444
457, 0.8355961441993713, 424, 249, 535, 450
457, 0.8109450936317444, 807, 251, 895, 469
458, 0.8323909044265747, 79, 241, 157, 447
458, 0.8434990048408508, 423, 249, 529, 449
458, 0.8266445994377136, 807, 249, 898, 468
459, 0.8466111421585083, 80, 239, 156, 449
459, 0.861625075340271, 419, 251, 528, 446
459, 0.8199964165687561, 807, 246, 898, 469
460, 0.8598153591156006, 75, 241, 149, 446
460, 0.8579707741737366, 416, 250, 526, 445
460, 0.795299768447876, 807, 247, 900, 468
461, 0.8681356310844421, 74, 239, 147, 448
461, 0.8778905272483826, 416, 247, 516, 447
461, 0.8044976592063904, 819, 246, 908, 464
462, 0.8555750250816345, 72, 237, 144, 449
462, 0.8801029920578003, 418, 247, 514, 446
462, 0.7985422015190125, 819, 245, 910, 466
463, 0.8318079710006714, 72, 228, 140, 447
463, 0.8693684935569763, 417, 247, 513, 445
463, 0.7947860360145569, 818, 248, 911, 469
464, 0.8024005889892578, 69, 226, 141, 450
464, 0.858892023563385, 418, 247, 507, 443
464, 0.8040090799331665, 818, 248, 912, 468
465, 0.786229133605957, 66, 237, 144, 448
465, 0.8564921021461487, 419, 248, 505, 443
465, 0.8038178086280823, 818, 245, 913, 467
466, 0.7727405428886414, 68, 223, 141, 452
466, 0.8161404132843018, 420, 247, 501, 443
466, 0.7992098331451416, 819, 245, 913, 467
467, 0.7815485596656799, 53, 236, 129, 449
467, 0.7969310879707336, 419, 246, 501, 442
467, 0.804612398147583, 822, 245, 912, 464
468, 0.8117274641990662, 54, 235, 128, 450
468, 0.7653356790542603, 417, 249, 502, 440
468, 0.7903062701225281, 823, 245, 913, 463
469, 0.8064449429512024, 48, 236, 124, 449
469, 0.7918763160705566, 411, 242, 490, 444
469, 0.7789031863212585, 825, 247, 914, 457
470, 0.7938174605369568, 42, 237, 123, 449
470, 0.8130303621292114, 413, 242, 486, 444
470, 0.7813403606414795, 826, 249, 914, 457
471, 0.8002513647079468, 38, 239, 123, 448
471, 0.875973105430603, 413, 243, 484, 445
471, 0.7722086310386658, 827, 245, 912, 456
472, 0.8019520044326782, 31, 239, 120, 448
472, 0.8619737029075623, 408, 245, 476, 445
472, 0.7655631899833679, 831, 246, 910, 453
473, 0.8067856431007385, 28, 243, 121, 446
473, 0.8612220287322998, 401, 240, 471, 448
473, 0.7735013961791992, 830, 246, 912, 453
474, 0.8035770654678345, 25, 242, 119, 448
474, 0.8697100877761841, 399, 241, 468, 447
474, 0.7663009166717529, 834, 244, 911, 455
475, 0.8233118653297424, 22, 242, 119, 449
475, 0.8662838339805603, 396, 243, 466, 447
475, 0.7651313543319702, 837, 244, 906, 453
476, 0.5320875644683838, 589, 270, 604, 313
476, 0.8157206773757935, 25, 243, 116, 449
476, 0.8729870319366455, 391, 243, 464, 446
476, 0.7459511160850525, 840, 242, 908, 454
477, 0.6212382912635803, 590, 268, 608, 316
477, 0.8221656680107117, 24, 240, 115, 451
477, 0.8744189739227295, 384, 243, 461, 446
477, 0.7390131950378418, 842, 242, 905, 455
478, 0.6649044156074524, 591, 268, 610, 317
478, 0.8261768817901611, 23, 242, 114, 451
478, 0.8903382420539856, 384, 241, 459, 448
478, 0.7351333498954773, 843, 240, 907, 455
479, 0.6795594096183777, 591, 268, 610, 317
479, 0.8298888206481934, 21, 242, 112, 450
479, 0.8933885097503662, 385, 241, 461, 449
479, 0.7131054401397705, 844, 240, 909, 454
480, 0.6640914082527161, 591, 266, 610, 316
480, 0.8527687191963196, 17, 239, 108, 449
480, 0.9093542695045471, 374, 243, 457, 444
480, 0.7143479585647583, 846, 242, 908, 452
481, 0.6416018009185791, 591, 266, 610, 316
481, 0.8312442302703857, 15, 238, 106, 451
481, 0.9143926501274109, 369, 244, 458, 443
481, 0.6973438858985901, 848, 246, 907, 452
482, 0.6356470584869385, 591, 267, 610, 317
482, 0.8429090976715088, 16, 236, 100, 452
482, 0.9207388758659363, 363, 241, 459, 444
482, 0.683576762676239, 848, 250, 905, 455
483, 0.6425867080688477, 591, 267, 610, 317
483, 0.7931551337242126, 15, 235, 101, 452
483, 0.9169135093688965, 358, 241, 460, 444
483, 0.6871469616889954, 850, 249, 907, 454
484, 0.6590467095375061, 591, 266, 610, 317
484, 0.6659573316574097, 23, 228, 95, 444
484, 0.893392026424408, 351, 241, 464, 444
484, 0.688174307346344, 849, 249, 910, 452
485, 0.6506727933883667, 590, 265, 610, 318
485, 0.7192572355270386, 12, 228, 81, 443
485, 0.872883141040802, 336, 240, 458, 445
485, 0.6530322432518005, 849, 250, 912, 452
486, 0.6406427621841431, 590, 265, 610, 317
486, 0.7137225866317749, 11, 226, 78, 442
486, 0.885583758354187, 334, 240, 459, 445
486, 0.7142933011054993, 849, 245, 913, 452
487, 0.6510782837867737, 591, 265, 610, 317
487, 0.7125238180160522, 10, 224, 77, 440
487, 0.8830708265304565, 333, 244, 455, 443
487, 0.7089931964874268, 850, 243, 917, 453
488, 0.6646944284439087, 591, 265, 610, 317
488, 0.7245369553565979, 9, 224, 76, 436
488, 0.8821304440498352, 330, 246, 455, 441
488, 0.7025701999664307, 851, 247, 921, 451
489, 0.6452907919883728, 591, 265, 610, 316
489, 0.5251355767250061, 603, 268, 616, 314
489, 0.7505840063095093, 8, 224, 76, 434
489, 0.87928706407547, 329, 244, 454, 444
489, 0.6741304993629456, 853, 249, 923, 453
490, 0.6235080361366272, 591, 266, 610, 316
490, 0.745130717754364, 6, 224, 73, 433
490, 0.8779563903808594, 328, 246, 451, 443
490, 0.712867259979248, 853, 246, 930, 450
491, 0.6215171813964844, 591, 266, 611, 316
491, 0.7384182214736938, 4, 227, 70, 436
491, 0.867255449295044, 329, 245, 448, 443
491, 0.7220008969306946, 854, 246, 934, 451
492, 0.614429771900177, 591, 266, 610, 316
492, 0.762208104133606, 4, 225, 68, 440
492, 0.862532913684845, 327, 246, 447, 442
492, 0.7565158605575562, 852, 245, 936, 452
493, 0.6196106672286987, 591, 265, 611, 316
493, 0.7024716138839722, 2, 222, 63, 443
493, 0.8662859797477722, 326, 245, 440, 443
493, 0.7478578090667725, 851, 247, 936, 450
494, 0.6326724290847778, 591, 264, 611, 317
494, 0.6498342752456665, 1, 220, 58, 446
494, 0.8658055663108826, 329, 242, 437, 446
494, 0.7454346418380737, 853, 246, 938, 450
495, 0.6375579237937927, 590, 264, 611, 318
495, 0.6320472955703735, 0, 220, 56, 445
495, 0.849703848361969, 329, 241, 433, 447
495, 0.7349572777748108, 854, 246, 938, 451
496, 0.6402080059051514, 590, 264, 611, 318
496, 0.6319454312324524, 0, 222, 54, 445
496, 0.8431642055511475, 327, 241, 426, 447
496, 0.7387915849685669, 856, 248, 939, 451
497, 0.6438058614730835, 590, 264, 611, 317
497, 0.5512592792510986, 0, 220, 55, 442
497, 0.8147067427635193, 325, 242, 420, 447
497, 0.7651765942573547, 859, 245, 940, 451
498, 0.662677526473999, 590, 265, 610, 319
498, 0.8198644518852234, 325, 240, 417, 448
498, 0.7556496858596802, 859, 246, 941, 451
499, 0.6563056111335754, 590, 266, 609, 318
499, 0.5352526307106018, 0, 255, 46, 400
499, 0.8443410992622375, 320, 240, 413, 447
499, 0.7784639000892639, 859, 245, 943, 451
500, 0.6737359762191772, 588, 267, 608, 318
500, 0.5533573031425476, 0, 253, 40, 439
500, 0.8650034070014954, 322, 242, 409, 444
500, 0.787092387676239, 862, 243, 945, 453
501, 0.6134479641914368, 587, 269, 606, 316
501, 0.5877977609634399, 0, 254, 42, 439
501, 0.8705679774284363, 320, 243, 403, 443
501, 0.7746520638465881, 863, 246, 945, 450
502, 0.5780144333839417, 0, 256, 41, 440
502, 0.8881070613861084, 322, 243, 399, 442
502, 0.776041567325592, 863, 246, 947, 450
503, 0.5419608354568481, 0, 259, 42, 439
503, 0.8989804983139038, 320, 240, 398, 443
503, 0.8180912733078003, 865, 240, 947, 454
504, 0.5188505053520203, 0, 264, 42, 437
504, 0.9103999733924866, 312, 242, 392, 444
504, 0.8041558265686035, 866, 241, 947, 456
505, 0.910554051399231, 311, 239, 391, 446
505, 0.8049512505531311, 864, 237, 950, 454
506, 0.8925075531005859, 312, 241, 389, 443
506, 0.8210184574127197, 861, 234, 952, 457
507, 0.8594880104064941, 306, 241, 386, 445
507, 0.7320548295974731, 863, 237, 951, 454
508, 0.859764039516449, 308, 242, 382, 444
508, 0.7439766526222229, 877, 246, 953, 449
509, 0.8537179827690125, 307, 241, 380, 444
509, 0.7453831434249878, 878, 250, 955, 447
510, 0.8441646695137024, 301, 241, 378, 445
510, 0.7395333647727966, 881, 251, 954, 449
511, 0.8367937207221985, 295, 242, 376, 445
511, 0.6894431114196777, 882, 255, 957, 448
512, 0.8333466649055481, 291, 239, 374, 448
512, 0.6570010781288147, 885, 254, 957, 453
513, 0.8254379034042358, 286, 238, 376, 448
513, 0.7093384861946106, 888, 252, 958, 452
514, 0.8213384747505188, 275, 241, 376, 447
514, 0.6958774924278259, 887, 253, 959, 454
515, 0.8156812787055969, 275, 242, 376, 445
515, 0.6946267485618591, 888, 250, 959, 451
516, 0.8377935290336609, 269, 243, 377, 444
516, 0.6777161955833435, 892, 250, 959, 453
517, 0.8371999859809875, 267, 244, 375, 443
517, 0.6706478595733643, 893, 248, 959, 453
518, 0.8513331413269043, 264, 244, 376, 442
518, 0.582273006439209, 894, 254, 959, 454
519, 0.8552826642990112, 265, 243, 375, 443
519, 0.5255481004714966, 897, 252, 959, 454
520, 0.5380979180335999, 592, 268, 608, 313
520, 0.8642836213111877, 261, 244, 374, 443
520, 0.5854476094245911, 902, 245, 959, 456
521, 0.5844810009002686, 592, 267, 609, 315
521, 0.8616478443145752, 258, 244, 374, 441
521, 0.6575270891189575, 906, 242, 959, 457
522, 0.633963942527771, 593, 264, 610, 317
522, 0.8481277823448181, 263, 247, 374, 440
522, 0.6081140041351318, 906, 244, 959, 457
523, 0.6355080604553223, 591, 266, 609, 317
523, 0.8709494471549988, 259, 243, 375, 443
523, 0.5924535989761353, 905, 245, 959, 459
524, 0.6752509474754333, 591, 265, 611, 318
524, 0.8585674166679382, 261, 244, 372, 443
524, 0.6264181733131409, 908, 259, 959, 453
525, 0.687867283821106, 591, 264, 611, 318
525, 0.8285666108131409, 261, 243, 369, 442
525, 0.6942458748817444, 906, 269, 959, 451
526, 0.6617151498794556, 590, 265, 610, 317
526, 0.8107495307922363, 262, 244, 364, 442
526, 0.6822015643119812, 910, 271, 959, 454
527, 0.6759620904922485, 590, 265, 611, 318
527, 0.8185673356056213, 262, 243, 360, 442
527, 0.7069091200828552, 910, 277, 959, 454
528, 0.6707556247711182, 590, 265, 611, 318
528, 0.8240580558776855, 249, 241, 345, 445
528, 0.6906534433364868, 911, 277, 959, 451
529, 0.6767411231994629, 590, 264, 612, 318
529, 0.8226786851882935, 247, 239, 342, 447
529, 0.7158617377281189, 911, 282, 959, 452
530, 0.6711798310279846, 591, 264, 612, 318
530, 0.8329315185546875, 247, 237, 338, 448
530, 0.6561630964279175, 911, 286, 959, 447
531, 0.6748013496398926, 591, 263, 612, 319
531, 0.8152082562446594, 246, 238, 336, 447
531, 0.6234482526779175, 914, 284, 959, 444
532, 0.6748605370521545, 591, 263, 611, 319
532, 0.8069859743118286, 249, 237, 331, 448
532, 0.5308472514152527, 915, 280, 959, 439
533, 0.669675886631012, 590, 265, 610, 320
533, 0.7979764938354492, 247, 236, 328, 450
534, 0.6617259979248047, 589, 265, 610, 320
534, 0.8180096745491028, 245, 231, 317, 445
535, 0.6750831007957458, 589, 264, 610, 320
535, 0.8105586767196655, 245, 231, 314, 447
536, 0.665116012096405, 589, 264, 609, 318
536, 0.8033192157745361, 246, 237, 319, 448
537, 0.6297998428344727, 588, 266, 606, 317
537, 0.7927009463310242, 242, 236, 316, 449
538, 0.8139995336532593, 236, 237, 310, 449
539, 0.821942925453186, 233, 237, 302, 447
540, 0.8325800895690918, 225, 236, 300, 449
541, 0.8190762996673584, 222, 236, 299, 450
542, 0.8209777474403381, 209, 236, 288, 451
543, 0.8574844598770142, 211, 235, 286, 453
544, 0.872861921787262, 211, 235, 284, 454
545, 0.6509707570075989, 588, 268, 608, 319
545, 0.8740544319152832, 208, 234, 284, 455
546, 0.6498581171035767, 589, 268, 609, 319
546, 0.8684301972389221, 205, 234, 285, 454
547, 0.6406056880950928, 589, 268, 609, 318
547, 0.850235104560852, 200, 224, 279, 454
548, 0.6311295628547668, 590, 266, 610, 317
548, 0.8606456518173218, 194, 234, 285, 454
549, 0.6572227478027344, 591, 264, 612, 319
549, 0.8461179733276367, 186, 234, 285, 455
550, 0.6720431447029114, 590, 263, 612, 320
550, 0.8455349206924438, 180, 237, 287, 452
551, 0.6698676943778992, 590, 263, 612, 320
551, 0.8327937126159668, 170, 237, 284, 453
552, 0.6728034019470215, 590, 263, 612, 320
552, 0.8443730473518372, 164, 241, 284, 450
553, 0.6891652941703796, 590, 262, 612, 321
553, 0.8504520654678345, 160, 243, 285, 447
554, 0.6828131079673767, 590, 262, 612, 320
554, 0.8456684947013855, 159, 245, 285, 445
555, 0.6810483932495117, 590, 262, 612, 320
555, 0.8573355674743652, 163, 247, 282, 444
556, 0.6839333772659302, 590, 262, 612, 321
556, 0.8518450260162354, 159, 247, 283, 444
557, 0.6825315356254578, 590, 262, 612, 321
557, 0.8467490077018738, 159, 245, 282, 446
558, 0.6749514937400818, 590, 262, 612, 320
558, 0.8438114523887634, 157, 245, 280, 446
559, 0.6767542362213135, 590, 263, 612, 319
559, 0.8272190690040588, 161, 246, 270, 445
560, 0.6889398694038391, 590, 264, 611, 320
560, 0.8314945697784424, 157, 241, 266, 449
561, 0.6763458251953125, 590, 265, 611, 317
561, 0.8116187453269958, 157, 242, 267, 448
562, 0.6645199656486511, 589, 266, 609, 314
562, 0.8390312790870667, 154, 239, 263, 449
563, 0.6243047118186951, 588, 266, 608, 312
563, 0.8325939774513245, 152, 242, 266, 448
564, 0.5696414113044739, 587, 267, 606, 310
564, 0.8046491146087646, 155, 245, 260, 445
565, 0.7742040157318115, 148, 246, 242, 442
566, 0.7836175560951233, 148, 244, 241, 443
567, 0.7758533358573914, 146, 242, 236, 444
568, 0.7712385654449463, 151, 239, 233, 447
569, 0.7593111991882324, 142, 238, 221, 439
570, 0.7624801993370056, 140, 238, 220, 451
571, 0.791722297668457, 132, 236, 212, 440
572, 0.7689412832260132, 134, 235, 210, 441
573, 0.7934219241142273, 129, 236, 207, 439
574, 0.8025190234184265, 121, 237, 206, 448
575, 0.8253754377365112, 120, 239, 199, 446
576, 0.8139472603797913, 115, 235, 201, 450
577, 0.7465824484825134, 115, 235, 201, 449
578, 0.7391175627708435, 103, 235, 186, 452
579, 0.7896270751953125, 100, 231, 187, 446
580, 0.8161326050758362, 97, 237, 188, 451
581, 0.810253918170929, 92, 241, 185, 448
582, 0.8190869688987732, 91, 242, 185, 447
583, 0.8200725317001343, 88, 242, 187, 448
584, 0.8212369084358215, 80, 242, 191, 447
585, 0.8166240453720093, 76, 242, 191, 448
586, 0.8042697310447693, 74, 242, 188, 448
587, 0.7893410921096802, 70, 242, 186, 447
588, 0.8057270050048828, 68, 244, 186, 446
589, 0.8092514872550964, 65, 240, 184, 448
590, 0.8212496638298035, 67, 243, 182, 447
591, 0.8131250739097595, 62, 243, 180, 447
592, 0.8284327983856201, 62, 242, 180, 448
593, 0.8105871081352234, 60, 243, 177, 447
594, 0.824018657207489, 59, 244, 178, 448
595, 0.8255011439323425, 60, 244, 175, 446
596, 0.8124114274978638, 59, 244, 171, 446
597, 0.8137770295143127, 57, 243, 170, 448
598, 0.833203136920929, 55, 242, 165, 448
599, 0.8314999938011169, 58, 242, 161, 450
600, 0.8016662001609802, 60, 242, 153, 450
601, 0.7550812363624573, 57, 244, 153, 448
602, 0.7723468542098999, 50, 241, 136, 451
603, 0.7759432792663574, 45, 239, 128, 455
604, 0.8029589056968689, 41, 238, 124, 453
605, 0.7967438697814941, 37, 238, 119, 454
606, 0.7834089994430542, 35, 235, 110, 457
607, 0.7946487069129944, 31, 236, 108, 458
608, 0.7787739038467407, 31, 235, 105, 457
609, 0.7921974062919617, 27, 235, 105, 457
610, 0.7905932664871216, 25, 235, 102, 456
611, 0.6006760001182556, 588, 264, 606, 318
611, 0.7882751226425171, 23, 232, 101, 460
612, 0.6263603568077087, 590, 263, 607, 320
612, 0.81155925989151, 19, 231, 98, 459
613, 0.6319197416305542, 589, 263, 608, 318
613, 0.813349187374115, 15, 230, 100, 458
614, 0.6696180105209351, 590, 261, 610, 319
614, 0.7818580269813538, 9, 236, 101, 455
615, 0.6494224667549133, 590, 262, 611, 317
615, 0.7897474765777588, 6, 235, 104, 454
616, 0.7005747556686401, 590, 262, 613, 319
616, 0.7797847390174866, 5, 237, 105, 452
617, 0.675574004650116, 590, 262, 613, 318
617, 0.7976393103599548, 2, 238, 91, 458
618, 0.6544502377510071, 591, 263, 613, 318
618, 0.7877838611602783, 1, 238, 91, 458
619, 0.6508632898330688, 590, 263, 612, 318
619, 0.8032788038253784, 2, 240, 89, 456
620, 0.6422510743141174, 590, 263, 611, 318
620, 0.5156468749046326, 603, 268, 617, 314
620, 0.8150502443313599, 3, 240, 88, 456
621, 0.6530619263648987, 590, 263, 611, 318
621, 0.8072894215583801, 2, 241, 88, 454
622, 0.6582322716712952, 590, 263, 612, 318
622, 0.5080861449241638, 603, 267, 616, 313
622, 0.8037822842597961, 6, 239, 86, 456
623, 0.6612372398376465, 590, 263, 612, 317
623, 0.5034592151641846, 603, 268, 616, 313
623, 0.7810339331626892, 7, 240, 85, 458
624, 0.6776242256164551, 590, 262, 612, 318
624, 0.7858742475509644, 9, 241, 82, 456
625, 0.6615995764732361, 589, 262, 612, 318
625, 0.7707346081733704, 8, 241, 82, 457
626, 0.650414228439331, 589, 262, 612, 318
626, 0.7723570466041565, 8, 242, 78, 456
627, 0.6558994650840759, 589, 262, 612, 319
627, 0.7143407464027405, 4, 244, 74, 463
628, 0.6640290021896362, 589, 261, 612, 319
628, 0.7034828066825867, 3, 247, 73, 462
629, 0.6636506915092468, 589, 261, 612, 319
630, 0.660759687423706, 589, 261, 612, 319
631, 0.6681479215621948, 589, 261, 612, 318
632, 0.6691567897796631, 589, 261, 612, 318
633, 0.675710141658783, 589, 260, 613, 320
634, 0.6779879331588745, 589, 260, 613, 320
635, 0.675295889377594, 589, 260, 613, 319
636, 0.6668323874473572, 589, 261, 613, 319
637, 0.6525017023086548, 589, 261, 612, 319
638, 0.646824836730957, 589, 262, 612, 319
639, 0.6459462642669678, 588, 262, 611, 318
640, 0.6460059881210327, 588, 261, 612, 318
641, 0.6293079853057861, 588, 262, 611, 318
642, 0.6318070292472839, 588, 262, 611, 318
643, 0.6507003307342529, 589, 261, 612, 319
644, 0.6461998820304871, 589, 260, 612, 319
645, 0.6508470177650452, 589, 260, 612, 319
646, 0.6528633236885071, 589, 260, 612, 320
647, 0.6600196361541748, 588, 260, 612, 320
648, 0.6639876365661621, 588, 261, 612, 320
649, 0.6623207926750183, 588, 261, 612, 320
650, 0.6675410270690918, 588, 261, 612, 320
651, 0.669516384601593, 588, 261, 612, 320
652, 0.6653993725776672, 588, 262, 612, 319
653, 0.6584431529045105, 588, 262, 611, 319
654, 0.6549059748649597, 588, 262, 611, 319
655, 0.648283064365387, 588, 263, 611, 319
656, 0.6444061398506165, 588, 263, 611, 318
657, 0.6434330940246582, 588, 263, 611, 319
658, 0.6482028961181641, 589, 263, 611, 319
659, 0.6427298188209534, 589, 263, 611, 318
660, 0.640688955783844, 589, 263, 611, 318
661, 0.6358489990234375, 589, 263, 611, 318
662, 0.6404129266738892, 589, 264, 611, 318
663, 0.6409457325935364, 589, 264, 611, 319
664, 0.6514201760292053, 589, 263, 612, 318
665, 0.627356231212616, 589, 264, 611, 318
666, 0.6267664432525635, 589, 264, 612, 318
667, 0.614362895488739, 590, 265, 612, 317
668, 0.6237494349479675, 590, 265, 612, 317
669, 0.62899249792099, 590, 264, 612, 318
670, 0.6167693138122559, 590, 265, 611, 317
671, 0.6182909607887268, 590, 265, 611, 317
672, 0.6061300039291382, 590, 265, 611, 317
673, 0.6153590083122253, 590, 265, 611, 316
674, 0.6279981136322021, 590, 265, 611, 316
675, 0.6388723254203796, 591, 264, 611, 317
676, 0.6398401260375977, 591, 265, 611, 317
677, 0.6521987318992615, 590, 264, 611, 317
678, 0.6543927788734436, 590, 264, 611, 317
679, 0.661024808883667, 590, 264, 611, 318
680, 0.6701568365097046, 590, 264, 611, 318
681, 0.6561305522918701, 590, 265, 611, 318
682, 0.6538236737251282, 590, 265, 611, 317
683, 0.6488356590270996, 590, 265, 611, 317
684, 0.6517041921615601, 590, 266, 611, 317
685, 0.6451905369758606, 590, 266, 611, 316
686, 0.6472270488739014, 591, 266, 611, 317
687, 0.6446514129638672, 590, 266, 611, 317
688, 0.6491888761520386, 590, 265, 611, 317
689, 0.6537678241729736, 590, 265, 611, 317
690, 0.6387537717819214, 590, 265, 611, 316
691, 0.6317800879478455, 590, 266, 611, 316
691, 0.5637206435203552, 899, 233, 959, 583
692, 0.6270098686218262, 590, 266, 611, 315
692, 0.6055991053581238, 896, 231, 959, 586
693, 0.6241797208786011, 590, 267, 612, 315
693, 0.6064971089363098, 893, 235, 959, 578
694, 0.6387796998023987, 590, 266, 612, 315
694, 0.6401951313018799, 890, 237, 959, 574
695, 0.6325220465660095, 590, 266, 612, 315
695, 0.6475942730903625, 888, 234, 959, 577
696, 0.6476883888244629, 590, 266, 612, 315
696, 0.6528522968292236, 890, 234, 959, 575
697, 0.6411616802215576, 589, 265, 611, 316
697, 0.6843153238296509, 890, 233, 959, 574
698, 0.6459251046180725, 589, 265, 611, 316
698, 0.6888107061386108, 888, 226, 959, 576
699, 0.6485657691955566, 589, 264, 612, 317
699, 0.7037647366523743, 887, 224, 959, 576
700, 0.6428337693214417, 589, 265, 611, 317
700, 0.7195448875427246, 888, 223, 957, 571
701, 0.6355513334274292, 589, 264, 611, 317
701, 0.7392298579216003, 887, 226, 956, 568
702, 0.6530319452285767, 589, 264, 612, 317
702, 0.7425025701522827, 887, 227, 956, 568
703, 0.6341139674186707, 589, 264, 611, 318
703, 0.7475994229316711, 885, 233, 959, 567
704, 0.6378080248832703, 589, 263, 612, 319
704, 0.7339789867401123, 883, 231, 959, 568
705, 0.6411659717559814, 588, 263, 612, 319
705, 0.7152735590934753, 881, 229, 959, 568
706, 0.6392143964767456, 588, 262, 612, 319
706, 0.7181351184844971, 883, 229, 959, 568
707, 0.6599683165550232, 588, 261, 612, 320
707, 0.7324926853179932, 884, 224, 959, 572
708, 0.6625134944915771, 588, 261, 612, 320
708, 0.7474935054779053, 889, 220, 959, 573
709, 0.6661953330039978, 588, 261, 612, 320
709, 0.7510537505149841, 889, 221, 959, 570
710, 0.6716179847717285, 588, 261, 613, 321
710, 0.7522587180137634, 892, 217, 958, 572
711, 0.6594765782356262, 588, 262, 612, 320
711, 0.7667762637138367, 888, 219, 953, 568
712, 0.6595041751861572, 588, 262, 611, 321
712, 0.7688190937042236, 885, 220, 957, 572
713, 0.6521437168121338, 588, 262, 611, 321
713, 0.760291337966919, 884, 222, 954, 567
714, 0.6624729633331299, 588, 262, 610, 322
714, 0.7419891357421875, 883, 218, 956, 567
715, 0.6632148623466492, 588, 263, 609, 322
715, 0.7407054901123047, 883, 217, 957, 569
716, 0.6722909212112427, 588, 263, 609, 321
716, 0.7408347725868225, 880, 215, 956, 569
717, 0.6547391414642334, 588, 263, 608, 319
717, 0.770200788974762, 879, 213, 953, 568
718, 0.6524392366409302, 588, 263, 608, 318
718, 0.8237118721008301, 861, 207, 951, 581
719, 0.6228551864624023, 588, 263, 607, 317
719, 0.8185964226722717, 858, 208, 951, 579
720, 0.6144222021102905, 587, 263, 607, 317
720, 0.7943701148033142, 854, 207, 951, 583
721, 0.6081418395042419, 587, 262, 607, 317
721, 0.7772519588470459, 844, 209, 951, 580
722, 0.5754628777503967, 588, 262, 607, 317
722, 0.7964267730712891, 836, 210, 950, 576
723, 0.5549851059913635, 587, 263, 605, 317
723, 0.8086709976196289, 830, 212, 950, 574
724, 0.5734237432479858, 587, 263, 606, 318
724, 0.8124483823776245, 812, 214, 949, 572
725, 0.5617625713348389, 587, 263, 605, 317
725, 0.8105573654174805, 804, 215, 948, 573
726, 0.5731666684150696, 586, 263, 605, 318
726, 0.7857165932655334, 795, 213, 950, 570
727, 0.6277769207954407, 587, 262, 606, 320
727, 0.752873420715332, 743, 237, 959, 554
728, 0.6368655562400818, 587, 263, 607, 319
728, 0.7646125555038452, 745, 237, 958, 554
729, 0.651412308216095, 588, 262, 608, 320
729, 0.7783139944076538, 747, 237, 957, 557
730, 0.6586803197860718, 588, 261, 608, 320
730, 0.7653005123138428, 748, 234, 954, 558
731, 0.6885458827018738, 587, 259, 609, 321
731, 0.7521780729293823, 754, 232, 951, 560
732, 0.6793834567070007, 587, 261, 609, 321
732, 0.7519991993904114, 753, 231, 950, 564
733, 0.6726075410842896, 588, 261, 609, 320
733, 0.7387838363647461, 751, 224, 947, 567
734, 0.680702269077301, 588, 262, 609, 320
734, 0.7605200409889221, 755, 224, 945, 567
735, 0.6741302609443665, 588, 261, 610, 322
735, 0.7645993828773499, 758, 225, 944, 569
736, 0.6773793697357178, 588, 262, 610, 321
736, 0.7677475810050964, 774, 217, 951, 578
737, 0.6568164825439453, 588, 262, 611, 321
737, 0.7952039241790771, 774, 218, 953, 577
738, 0.6654452681541443, 589, 263, 611, 320
738, 0.7953202724456787, 770, 220, 956, 576
739, 0.6903975009918213, 588, 262, 611, 321
739, 0.859651505947113, 768, 219, 957, 576
740, 0.7020366191864014, 589, 261, 612, 322
740, 0.8788720369338989, 766, 218, 958, 576
741, 0.6860674619674683, 589, 261, 612, 321
741, 0.8124677538871765, 767, 222, 957, 577
742, 0.67879718542099, 590, 261, 612, 320
742, 0.512416422367096, 601, 268, 616, 316
742, 0.7652263045310974, 772, 218, 912, 569
743, 0.6627695560455322, 589, 262, 612, 319
743, 0.5330089926719666, 601, 268, 616, 317
743, 0.7823840379714966, 766, 214, 913, 571
744, 0.6593894958496094, 589, 262, 612, 319
744, 0.5495864748954773, 601, 267, 616, 316
744, 0.7823449969291687, 766, 214, 901, 568
745, 0.6659560203552246, 590, 262, 612, 319
745, 0.556018590927124, 602, 267, 616, 316
745, 0.7962827086448669, 771, 213, 885, 570
746, 0.6679247617721558, 590, 262, 611, 318
746, 0.5417078733444214, 602, 266, 616, 314
746, 0.8281742334365845, 757, 210, 889, 569
747, 0.6684061288833618, 590, 262, 611, 318
747, 0.5400614142417908, 603, 266, 616, 312
747, 0.8336834907531738, 753, 214, 881, 571
748, 0.6622207760810852, 590, 262, 611, 318
748, 0.5378975868225098, 603, 265, 616, 312
748, 0.8499504923820496, 743, 212, 866, 570
749, 0.6452341675758362, 590, 263, 610, 317
749, 0.515343964099884, 603, 265, 616, 311
749, 0.8627105951309204, 741, 212, 864, 567
750, 0.6402336359024048, 590, 262, 610, 317
750, 0.53444904088974, 603, 264, 616, 311
750, 0.8268033862113953, 729, 212, 865, 568
751, 0.6477229595184326, 590, 263, 611, 318
751, 0.5259907245635986, 602, 265, 617, 312
751, 0.8068352937698364, 726, 216, 858, 565
752, 0.6311674118041992, 589, 263, 611, 317
752, 0.5268793106079102, 602, 266, 616, 311
752, 0.8090345859527588, 720, 218, 856, 559
753, 0.6381757855415344, 590, 263, 611, 317
753, 0.5136438608169556, 602, 267, 616, 311
753, 0.8105179071426392, 716, 219, 847, 561
754, 0.6308947801589966, 589, 263, 611, 318
754, 0.5049780011177063, 602, 267, 616, 311
754, 0.8203527927398682, 710, 215, 844, 562
755, 0.6507290005683899, 590, 262, 612, 318
755, 0.5062727928161621, 602, 267, 616, 311
755, 0.8082007765769958, 702, 220, 839, 559
756, 0.6345986723899841, 589, 262, 611, 318
756, 0.5294312834739685, 602, 267, 616, 311
756, 0.791906476020813, 696, 219, 837, 559
757, 0.6375905871391296, 590, 262, 611, 318
757, 0.5157862901687622, 602, 267, 616, 310
757, 0.7980284094810486, 693, 215, 836, 564
758, 0.6454752683639526, 590, 261, 611, 319
758, 0.5157369375228882, 602, 267, 615, 310
758, 0.7972649931907654, 677, 225, 833, 557
759, 0.644145131111145, 589, 261, 611, 319
759, 0.5251121520996094, 602, 267, 615, 310
759, 0.8235235810279846, 676, 222, 834, 562
760, 0.6528897285461426, 589, 261, 612, 319
760, 0.5028755068778992, 602, 268, 616, 310
760, 0.8401064276695251, 671, 221, 838, 566
761, 0.6682963371276855, 589, 261, 612, 319
761, 0.509613573551178, 602, 268, 616, 310
761, 0.8566747307777405, 668, 219, 837, 574
762, 0.673573911190033, 590, 261, 612, 319
762, 0.5018401145935059, 602, 267, 616, 310
762, 0.8647955060005188, 667, 220, 834, 576
763, 0.6910324692726135, 590, 260, 614, 320
763, 0.8497716784477234, 663, 223, 833, 578
764, 0.6971898078918457, 590, 259, 614, 320
764, 0.8317221999168396, 658, 222, 825, 581
765, 0.7006700038909912, 590, 260, 614, 320
765, 0.8354290127754211, 656, 224, 825, 581
766, 0.6975858211517334, 590, 259, 614, 320
766, 0.8358142375946045, 654, 226, 821, 580
767, 0.7094275951385498, 590, 258, 614, 321
767, 0.8321318030357361, 651, 225, 822, 582
768, 0.698549211025238, 590, 259, 614, 321
768, 0.813880980014801, 650, 224, 825, 585
769, 0.7062811255455017, 590, 258, 614, 321
769, 0.801199197769165, 650, 225, 828, 585
770, 0.7146941423416138, 590, 258, 614, 322
770, 0.7945994734764099, 647, 224, 826, 585
771, 0.7079105973243713, 590, 258, 615, 322
771, 0.7810020446777344, 650, 228, 816, 587
772, 0.6999106407165527, 590, 259, 614, 322
772, 0.7766742706298828, 652, 227, 813, 585
773, 0.6974964141845703, 590, 260, 614, 321
773, 0.7781414985656738, 652, 226, 803, 583
774, 0.6909192800521851, 590, 261, 614, 320
774, 0.759457528591156, 652, 226, 804, 577
775, 0.6860997676849365, 590, 262, 613, 319
775, 0.7606344223022461, 649, 222, 800, 582
776, 0.6766767501831055, 590, 263, 613, 318
776, 0.804430365562439, 643, 213, 801, 581
777, 0.6722042560577393, 590, 262, 613, 318
777, 0.813685953617096, 638, 212, 800, 584
778, 0.6775553822517395, 590, 263, 613, 318
778, 0.8281172513961792, 638, 213, 794, 582
779, 0.6994527578353882, 590, 261, 613, 320
779, 0.8390772938728333, 636, 204, 790, 588
780, 0.6930001974105835, 590, 262, 612, 320
780, 0.8462197184562683, 632, 202, 793, 592
781, 0.6958374977111816, 589, 262, 611, 320
781, 0.872069239616394, 627, 196, 797, 595
782, 0.6654376983642578, 588, 263, 610, 318
782, 0.779856264591217, 629, 199, 792, 593
783, 0.6790304780006409, 588, 263, 609, 319
783, 0.7914265394210815, 626, 197, 753, 597
784, 0.644093930721283, 588, 264, 608, 318
784, 0.7949881553649902, 627, 201, 742, 595
785, 0.5785567760467529, 588, 264, 606, 317
785, 0.7900861501693726, 624, 196, 734, 600
786, 0.5006750822067261, 588, 265, 605, 315
786, 0.770689845085144, 620, 200, 729, 599
787, 0.598803699016571, 587, 262, 605, 319
787, 0.7488608360290527, 616, 203, 729, 601
788, 0.5705751180648804, 586, 264, 604, 319
788, 0.7423354387283325, 614, 203, 727, 598
789, 0.6109687685966492, 587, 263, 605, 320
789, 0.7656691074371338, 609, 204, 725, 599
790, 0.6471623182296753, 587, 262, 606, 322
790, 0.7572687864303589, 605, 195, 722, 600
791, 0.6991699934005737, 588, 262, 608, 322
791, 0.7945592999458313, 588, 213, 717, 589
792, 0.7077463865280151, 589, 261, 609, 322
792, 0.8246430158615112, 583, 214, 716, 588
793, 0.710456371307373, 589, 259, 609, 322
793, 0.7985295057296753, 577, 217, 711, 588
794, 0.7009220719337463, 589, 260, 610, 322
794, 0.8066663146018982, 573, 224, 709, 584
795, 0.6763462424278259, 589, 262, 610, 321
795, 0.8144408464431763, 567, 229, 705, 579
796, 0.6828844547271729, 589, 263, 612, 320
796, 0.8174580931663513, 557, 227, 706, 582
797, 0.6750855445861816, 590, 264, 613, 318
797, 0.8248448371887207, 548, 226, 703, 582
798, 0.6821720600128174, 589, 265, 613, 317
798, 0.8235727548599243, 545, 224, 704, 585
799, 0.6853139996528625, 590, 265, 613, 318
799, 0.827893078327179, 541, 226, 702, 586
800, 0.7109707593917847, 590, 264, 613, 319
800, 0.8193812966346741, 535, 228, 703, 584
801, 0.6403048634529114, 591, 266, 613, 317
801, 0.8188156485557556, 534, 228, 701, 585
802, 0.8281821012496948, 532, 225, 699, 588
803, 0.8196818232536316, 529, 228, 695, 586
804, 0.8229039907455444, 525, 232, 699, 580
805, 0.83963942527771, 523, 232, 699, 580
806, 0.859645664691925, 524, 233, 695, 578
807, 0.8683251142501831, 520, 235, 699, 577
808, 0.8688132762908936, 515, 236, 706, 577
809, 0.8769088387489319, 511, 233, 709, 578
810, 0.8771756291389465, 513, 228, 705, 582
811, 0.8879958391189575, 517, 230, 700, 579
812, 0.8996472358703613, 515, 227, 701, 584
813, 0.9013813734054565, 514, 226, 703, 583
814, 0.7696534991264343, 527, 216, 655, 593
815, 0.8036749958992004, 529, 210, 649, 596
816, 0.8228436708450317, 530, 210, 639, 594
817, 0.8191671371459961, 530, 211, 631, 594
818, 0.8388957977294922, 523, 207, 627, 597
819, 0.8467546105384827, 514, 206, 622, 584
820, 0.7942054867744446, 504, 214, 623, 574
821, 0.7819549441337585, 478, 220, 606, 579
822, 0.8133804798126221, 464, 222, 603, 585
823, 0.8383274674415588, 463, 220, 595, 588
824, 0.8469873666763306, 460, 223, 592, 586
825, 0.8451345562934875, 457, 223, 588, 587
826, 0.8369895219802856, 456, 220, 586, 581
827, 0.8457543253898621, 447, 223, 583, 581
828, 0.8410937786102295, 442, 224, 582, 578
829, 0.8509005308151245, 443, 222, 582, 581
830, 0.8558030724525452, 437, 220, 584, 580
831, 0.8877374529838562, 420, 225, 583, 577
832, 0.8918218612670898, 412, 225, 586, 581
833, 0.8900463581085205, 404, 220, 589, 582
834, 0.8825398683547974, 399, 219, 588, 580
835, 0.8857387900352478, 401, 219, 587, 582
836, 0.8687805533409119, 401, 219, 589, 585
837, 0.7962709069252014, 396, 222, 586, 582
838, 0.836310088634491, 393, 216, 581, 593
839, 0.8513104319572449, 394, 213, 579, 598
840, 0.8582283854484558, 394, 207, 577, 601
841, 0.8525820970535278, 390, 210, 580, 600
842, 0.8513810038566589, 389, 208, 581, 598
843, 0.8683854937553406, 388, 197, 578, 605
844, 0.8741978406906128, 386, 199, 565, 601
845, 0.5055914521217346, 591, 263, 609, 322
845, 0.8850398063659668, 385, 194, 559, 593
846, 0.6369926333427429, 592, 259, 612, 322
846, 0.8858885169029236, 385, 188, 555, 595
847, 0.7034677267074585, 592, 260, 612, 321
847, 0.8783618807792664, 387, 190, 544, 592
848, 0.7025978565216064, 592, 260, 612, 320
848, 0.90162193775177, 382, 181, 543, 597
849, 0.6658329963684082, 592, 261, 612, 319
849, 0.9084800481796265, 384, 189, 538, 595
850, 0.6953526139259338, 592, 261, 612, 320
850, 0.8723998069763184, 385, 202, 535, 586
851, 0.7136186957359314, 592, 261, 613, 319
851, 0.8558158278465271, 387, 191, 499, 593
852, 0.683452308177948, 591, 262, 612, 317
852, 0.8699373006820679, 383, 192, 497, 596
853, 0.6309136748313904, 591, 263, 611, 314
853, 0.8669922351837158, 378, 192, 489, 595
854, 0.8615441918373108, 374, 189, 485, 604
855, 0.8564565777778625, 361, 191, 485, 601
856, 0.8492558598518372, 353, 198, 479, 595
857, 0.8272963166236877, 347, 200, 476, 592
858, 0.8585508465766907, 328, 204, 469, 581
859, 0.8724692463874817, 323, 202, 468, 585
860, 0.8607120513916016, 321, 199, 464, 588
861, 0.835281252861023, 314, 204, 458, 577
862, 0.8312264680862427, 313, 202, 454, 578
863, 0.8421633243560791, 311, 200, 452, 581
864, 0.854483425617218, 306, 197, 451, 583
865, 0.85296231508255, 298, 195, 450, 586
866, 0.8707972168922424, 289, 195, 449, 587
867, 0.8710074424743652, 285, 198, 448, 592
868, 0.8785501718521118, 277, 198, 449, 590
869, 0.8758882880210876, 271, 200, 452, 587
870, 0.8535445928573608, 270, 204, 451, 582
871, 0.8510823249816895, 272, 204, 448, 582
872, 0.865014374256134, 270, 203, 448, 587
873, 0.8713406920433044, 270, 201, 447, 585
874, 0.5431049466133118, 591, 266, 608, 314
874, 0.8693712949752808, 271, 202, 447, 584
875, 0.6339650750160217, 591, 266, 609, 318
875, 0.8543776869773865, 273, 202, 445, 581
876, 0.6649783849716187, 591, 264, 610, 318
876, 0.8769204020500183, 269, 201, 447, 585
877, 0.6881378293037415, 591, 260, 612, 321
877, 0.8891445398330688, 267, 196, 448, 592
878, 0.6903794407844543, 590, 260, 612, 322
878, 0.9013059735298157, 267, 193, 449, 598
879, 0.7277887463569641, 590, 260, 614, 321
879, 0.8995800614356995, 269, 189, 448, 596
880, 0.7323055863380432, 590, 261, 615, 322
880, 0.8935996294021606, 269, 191, 450, 595
881, 0.7401124238967896, 590, 261, 614, 322
881, 0.8853721618652344, 269, 194, 450, 593
882, 0.7526174187660217, 590, 260, 614, 322
882, 0.8894780874252319, 272, 199, 446, 596
883, 0.771639883518219, 590, 257, 614, 322
883, 0.893390953540802, 268, 204, 448, 593
884, 0.7478021383285522, 590, 256, 613, 322
884, 0.8656518459320068, 271, 205, 444, 591
885, 0.7312592267990112, 590, 256, 613, 322
885, 0.8069318532943726, 250, 214, 432, 577
886, 0.722722053527832, 590, 257, 612, 322
886, 0.8130679130554199, 249, 208, 425, 578
887, 0.6996104717254639, 589, 258, 611, 322
887, 0.8179143667221069, 249, 209, 413, 574
888, 0.7124990820884705, 589, 257, 612, 322
888, 0.827338695526123, 257, 210, 400, 570
889, 0.7057607769966125, 589, 258, 612, 322
889, 0.8239012360572815, 258, 206, 388, 575
890, 0.6929998397827148, 588, 259, 612, 320
890, 0.8296895027160645, 253, 202, 382, 581
891, 0.6787465214729309, 589, 260, 611, 319
891, 0.849842369556427, 250, 194, 379, 593
892, 0.5793951749801636, 589, 262, 610, 317
892, 0.8644130825996399, 249, 193, 368, 590
893, 0.504128634929657, 588, 263, 608, 315
893, 0.8363025784492493, 246, 194, 367, 584
894, 0.8091530799865723, 225, 197, 360, 575
895, 0.8066625595092773, 226, 198, 354, 574
896, 0.8013123273849487, 219, 198, 349, 574
897, 0.804354190826416, 211, 199, 346, 571
898, 0.7937092185020447, 212, 198, 337, 573
899, 0.8145803213119507, 210, 205, 339, 570
900, 0.830016553401947, 206, 208, 340, 568
901, 0.8096480965614319, 206, 209, 338, 566
902, 0.8246979117393494, 199, 210, 338, 573
903, 0.8246408104896545, 198, 210, 338, 571
904, 0.8163177371025085, 188, 213, 336, 573
905, 0.8386274576187134, 170, 222, 331, 572
906, 0.5375001430511475, 589, 262, 609, 316
906, 0.8420650362968445, 169, 216, 331, 576
907, 0.6355820298194885, 590, 261, 610, 318
907, 0.8205922245979309, 161, 215, 335, 572
908, 0.650414228439331, 591, 261, 611, 318
908, 0.8318857550621033, 158, 215, 336, 572
909, 0.6667806506156921, 591, 261, 612, 319
909, 0.8335247039794922, 154, 213, 337, 575
910, 0.7010704874992371, 591, 260, 612, 320
910, 0.8381983041763306, 154, 210, 334, 577
911, 0.7353008985519409, 592, 258, 613, 321
911, 0.8106780648231506, 147, 207, 330, 579
912, 0.7329506278038025, 592, 258, 613, 321
912, 0.7965520620346069, 150, 207, 329, 578
913, 0.6908841729164124, 591, 261, 611, 320
913, 0.7893373966217041, 149, 211, 326, 579
914, 0.733219563961029, 591, 259, 613, 321
914, 0.7843753695487976, 151, 213, 324, 579
915, 0.7236523628234863, 591, 259, 613, 321
915, 0.7788808941841125, 147, 215, 325, 577
916, 0.7118993401527405, 591, 259, 613, 321
916, 0.7858798503875732, 147, 215, 328, 575
917, 0.7180323004722595, 591, 258, 613, 321
917, 0.7679398655891418, 147, 217, 329, 575
918, 0.6954435110092163, 591, 259, 614, 321
918, 0.7823200225830078, 149, 218, 329, 574
919, 0.7050260305404663, 590, 259, 614, 320
919, 0.7744225263595581, 149, 215, 330, 572
920, 0.702065110206604, 590, 260, 614, 320
920, 0.7875947952270508, 169, 221, 343, 568
921, 0.7073299288749695, 590, 259, 614, 320
921, 0.7957380414009094, 153, 210, 324, 575
922, 0.7148345708847046, 589, 260, 614, 320
922, 0.7879770398139954, 156, 204, 321, 579
923, 0.7240688800811768, 589, 259, 614, 320
923, 0.7982053756713867, 155, 205, 317, 583
924, 0.7180682420730591, 589, 260, 614, 319
924, 0.794914960861206, 155, 206, 312, 578
925, 0.7204891443252563, 590, 261, 614, 319
925, 0.7936339378356934, 153, 205, 297, 581
926, 0.7281747460365295, 589, 260, 615, 320
926, 0.7990776300430298, 152, 205, 289, 581
927, 0.7217205762863159, 589, 260, 614, 320
927, 0.8081935048103333, 153, 202, 281, 581
928, 0.7393771409988403, 590, 261, 615, 320
928, 0.8137723803520203, 148, 203, 279, 580
929, 0.7401708364486694, 590, 260, 615, 319
929, 0.8650403618812561, 144, 201, 273, 584
930, 0.7385212779045105, 590, 261, 614, 318
930, 0.872134268283844, 143, 198, 270, 583
931, 0.7467406392097473, 589, 261, 614, 319
931, 0.8631336688995361, 145, 200, 268, 580
932, 0.7422787547111511, 590, 261, 614, 319
932, 0.8150524497032166, 142, 203, 270, 576
933, 0.730012834072113, 590, 262, 614, 319
933, 0.7946404218673706, 127, 195, 250, 583
934, 0.724105715751648, 590, 263, 613, 319
934, 0.7913198471069336, 123, 196, 247, 579
935, 0.7211364507675171, 590, 262, 614, 319
935, 0.8109612464904785, 120, 195, 241, 582
936, 0.7198700904846191, 590, 263, 614, 319
936, 0.820905327796936, 118, 197, 232, 582
937, 0.7296255826950073, 590, 262, 614, 319
937, 0.8253930807113647, 116, 195, 225, 585
938, 0.7279632091522217, 590, 262, 614, 320
938, 0.8244966864585876, 115, 193, 221, 591
939, 0.7214649319648743, 590, 262, 614, 319
939, 0.815111517906189, 115, 190, 220, 593
940, 0.7023692727088928, 590, 263, 613, 319
940, 0.8194817900657654, 110, 191, 220, 594
941, 0.7034993171691895, 590, 262, 613, 319
941, 0.8092124462127686, 103, 196, 220, 594
942, 0.7075377702713013, 590, 262, 614, 319
942, 0.8082199692726135, 98, 199, 218, 590
943, 0.707521378993988, 590, 261, 613, 319
943, 0.8232184052467346, 96, 202, 217, 591
944, 0.7109013199806213, 590, 261, 614, 318
944, 0.8581660985946655, 86, 197, 208, 599
945, 0.6876415610313416, 590, 262, 612, 318
945, 0.8486334085464478, 79, 198, 211, 600
946, 0.6788634657859802, 590, 263, 612, 318
946, 0.8333359956741333, 75, 199, 209, 600
947, 0.7030296325683594, 590, 261, 613, 319
947, 0.835812509059906, 72, 198, 209, 599
948, 0.698482871055603, 590, 260, 613, 319
948, 0.8350363373756409, 71, 201, 208, 599
949, 0.7073423266410828, 590, 259, 613, 320
949, 0.834985613822937, 72, 200, 208, 599
950, 0.7242502570152283, 590, 258, 614, 321
950, 0.8353047370910645, 71, 204, 208, 597
951, 0.7180262207984924, 590, 259, 613, 320
951, 0.8379133939743042, 69, 207, 208, 596
952, 0.7160549759864807, 590, 259, 613, 318
952, 0.8332147002220154, 69, 209, 205, 598
953, 0.7048813700675964, 589, 260, 611, 317
953, 0.8323785066604614, 68, 210, 206, 599
954, 0.6676803231239319, 589, 264, 610, 316
954, 0.8316436409950256, 71, 208, 205, 603
955, 0.5827740430831909, 588, 263, 607, 314
955, 0.8441485166549683, 71, 204, 203, 607
956, 0.8445523977279663, 70, 200, 202, 611
957, 0.8373643159866333, 70, 197, 201, 613
958, 0.8271313905715942, 71, 195, 194, 615
959, 0.8342617154121399, 70, 196, 188, 615
960, 0.8376877307891846, 68, 194, 184, 611
961, 0.8298671841621399, 64, 195, 187, 607
962, 0.8263805508613586, 62, 193, 179, 607
963, 0.82801353931427, 61, 191, 172, 610
964, 0.8273912668228149, 59, 193, 170, 609
965, 0.8207374811172485, 58, 195, 167, 595
966, 0.8090222477912903, 56, 194, 166, 590
967, 0.7908391356468201, 55, 193, 164, 588
968, 0.8396819829940796, 39, 188, 150, 600
969, 0.8147864937782288, 32, 190, 148, 598
970, 0.7832260727882385, 25, 192, 146, 593
971, 0.7779532670974731, 23, 192, 143, 593
972, 0.7771760821342468, 20, 194, 142, 595
973, 0.7799041271209717, 19, 196, 141, 590
974, 0.7756468653678894, 17, 198, 139, 590
975, 0.7905367016792297, 16, 199, 136, 587
976, 0.8109563589096069, 16, 194, 137, 595
977, 0.8131935000419617, 11, 194, 134, 595
978, 0.8249120116233826, 10, 192, 134, 594
979, 0.8192793130874634, 9, 190, 134, 598
980, 0.7974039912223816, 11, 191, 130, 597
981, 0.7805824875831604, 9, 193, 132, 592
982, 0.7755729556083679, 11, 195, 132, 592
983, 0.7808694243431091, 11, 200, 130, 591
984, 0.7969549298286438, 12, 199, 129, 597
985, 0.8000093102455139, 9, 199, 131, 600
986, 0.8003453016281128, 10, 200, 129, 603
987, 0.7926989197731018, 7, 200, 129, 604
988, 0.7996690273284912, 4, 202, 126, 602
989, 0.8107236623764038, 4, 205, 127, 600
990, 0.5459380149841309, 593, 266, 609, 314
990, 0.8073551058769226, 3, 207, 125, 602
991, 0.7988629341125488, 2, 210, 127, 599
992, 0.608513355255127, 594, 263, 611, 315
992, 0.7843416929244995, 2, 209, 124, 595
993, 0.5741111040115356, 594, 263, 611, 315
993, 0.7733177542686462, 2, 213, 125, 588
994, 0.5879252552986145, 593, 264, 611, 316
994, 0.7647090554237366, 0, 216, 126, 584
995, 0.6556535959243774, 593, 263, 611, 317
995, 0.7573646903038025, 0, 213, 128, 584
996, 0.6636442542076111, 592, 263, 611, 318
996, 0.7719699740409851, 0, 215, 130, 587
997, 0.7007710933685303, 592, 260, 612, 321
997, 0.7594939470291138, 0, 218, 129, 583
998, 0.7390688061714172, 592, 259, 612, 322
998, 0.7592031359672546, 0, 220, 126, 578
999, 0.7138976454734802, 591, 259, 612, 322
999, 0.7670251131057739, 0, 215, 126, 581
1000, 0.7629916071891785, 591, 257, 614, 325
1000, 0.7284834980964661, 0, 211, 126, 583
1001, 0.76752108335495, 591, 256, 614, 324
1001, 0.7077361345291138, 0, 204, 130, 595
1002, 0.7530508637428284, 590, 256, 614, 325
1002, 0.6689602136611938, 0, 206, 129, 593
1003, 0.7516188621520996, 590, 257, 614, 323
1003, 0.646470308303833, 0, 203, 127, 598
1004, 0.7585377097129822, 590, 256, 614, 323
1004, 0.6392924189567566, 0, 204, 121, 598
1005, 0.7533628344535828, 590, 256, 614, 322
1005, 0.5410106778144836, 2, 199, 75, 598
1006, 0.7471461296081543, 590, 257, 614, 322
1006, 0.5630686283111572, 2, 197, 74, 597
1007, 0.7207154631614685, 589, 258, 612, 322
1007, 0.6041412353515625, 2, 202, 72, 594
1008, 0.7409573197364807, 590, 257, 614, 322
1008, 0.6008036136627197, 2, 198, 71, 597
1009, 0.7433108687400818, 590, 258, 613, 321
1009, 0.5739187598228455, 1, 184, 63, 616
1010, 0.739531934261322, 590, 258, 613, 321
1010, 0.5900195837020874, 2, 174, 58, 627
1011, 0.7235432267189026, 590, 258, 613, 320
1011, 0.5882033109664917, 1, 171, 52, 628
1012, 0.7185253500938416, 590, 259, 613, 320
1012, 0.5836411118507385, 1, 167, 50, 632
1013, 0.7169007658958435, 589, 259, 613, 320
1013, 0.5847992300987244, 2, 156, 48, 643
1014, 0.7123072147369385, 589, 260, 613, 320
1014, 0.6046136021614075, 3, 157, 48, 639
1015, 0.7010984420776367, 589, 261, 612, 320
1015, 0.5243034958839417, 3, 157, 46, 640
1016, 0.6863894462585449, 589, 262, 612, 320
1017, 0.6958503723144531, 589, 262, 612, 320
1018, 0.71387779712677, 589, 262, 613, 321
1019, 0.7392800450325012, 589, 261, 614, 322
1020, 0.7363921403884888, 590, 261, 614, 322
1021, 0.7408588528633118, 590, 260, 614, 321
1022, 0.7488783001899719, 590, 261, 614, 321
1023, 0.7436792850494385, 591, 262, 614, 320
1024, 0.7462824583053589, 591, 262, 614, 319
1025, 0.7576594948768616, 591, 263, 614, 318
1026, 0.759238064289093, 591, 263, 614, 319
1027, 0.7515819072723389, 591, 262, 614, 319
1028, 0.7515841126441956, 590, 261, 614, 320
1029, 0.7486043572425842, 590, 261, 614, 320
1030, 0.751044511795044, 590, 260, 614, 321
1031, 0.7537186741828918, 590, 259, 614, 321
1032, 0.7468996644020081, 590, 260, 614, 321
1033, 0.738622784614563, 590, 260, 613, 321
1034, 0.7167877554893494, 590, 260, 613, 319
1035, 0.7238073945045471, 589, 260, 612, 318
1036, 0.7080398201942444, 589, 263, 611, 316
1037, 0.622884213924408, 589, 264, 609, 312
