7, 0.513594388961792, 216, 386, 240, 422
9, 0.5044134259223938, 215, 386, 240, 420
19, 0.5048276782035828, 215, 386, 239, 420
27, 0.5026768445968628, 215, 386, 240, 421
34, 0.5251478552818298, 215, 386, 240, 422
35, 0.5095648169517517, 215, 386, 240, 421
36, 0.51513671875, 215, 386, 240, 422
85, 0.5165266394615173, 215, 386, 240, 422
92, 0.5039312243461609, 215, 386, 240, 421
93, 0.5046243071556091, 215, 387, 240, 422
105, 0.5122397541999817, 215, 386, 240, 422
169, 0.5038197040557861, 0, 288, 49, 611
171, 0.6091114282608032, 0, 302, 41, 622
172, 0.6659775972366333, 0, 305, 43, 620
173, 0.6992875933647156, 0, 305, 51, 619
174, 0.7326799035072327, 0, 303, 56, 622
175, 0.7122889757156372, 0, 307, 62, 618
176, 0.7256441712379456, 0, 309, 71, 616
177, 0.6926984190940857, 0, 310, 78, 612
178, 0.6901313066482544, 7, 317, 98, 608
179, 0.7311249375343323, 5, 314, 103, 607
180, 0.7642587423324585, 2, 310, 108, 612
181, 0.8142319321632385, 0, 307, 120, 615
182, 0.8198124766349792, 0, 308, 131, 614
183, 0.8424461483955383, 0, 308, 137, 616
184, 0.8286507725715637, 0, 303, 141, 618
185, 0.8285641074180603, 0, 300, 144, 619
186, 0.8261911273002625, 0, 303, 145, 617
187, 0.8423033952713013, 0, 299, 149, 620
188, 0.8396186828613281, 0, 298, 152, 620
189, 0.8151740431785583, 0, 297, 159, 622
190, 0.8290513753890991, 0, 289, 163, 628
191, 0.8186413645744324, 0, 291, 160, 626
192, 0.8012225031852722, 6, 295, 156, 625
193, 0.7755605578422546, 11, 300, 155, 620
194, 0.7538244128227234, 15, 304, 153, 619
195, 0.7684792876243591, 30, 301, 162, 621
196, 0.7724580764770508, 29, 305, 165, 616
197, 0.5543076395988464, 794, 356, 847, 460
197, 0.776374876499176, 36, 306, 160, 614
198, 0.5542625784873962, 799, 355, 846, 494
198, 0.7478107810020447, 46, 306, 160, 611
199, 0.5896044373512268, 801, 356, 846, 495
199, 0.7527005076408386, 58, 303, 160, 615
200, 0.7918958067893982, 77, 283, 153, 616
200, 0.6002427339553833, 796, 354, 846, 497
201, 0.7765573263168335, 82, 281, 157, 615
201, 0.5686123371124268, 790, 374, 846, 491
202, 0.8056740164756775, 87, 289, 160, 609
202, 0.5928664207458496, 786, 363, 846, 490
203, 0.8055938482284546, 89, 296, 166, 597
204, 0.7536932229995728, 93, 300, 195, 597
204, 0.5837403535842896, 774, 379, 830, 470
205, 0.7526249289512634, 98, 294, 195, 606
205, 0.621535062789917, 773, 379, 826, 467
206, 0.6696084141731262, 771, 378, 827, 467
206, 0.7781002521514893, 101, 300, 197, 616
207, 0.6669697761535645, 767, 381, 827, 466
207, 0.7736966013908386, 98, 304, 206, 615
208, 0.7864843606948853, 102, 284, 216, 617
208, 0.6138960719108582, 763, 381, 824, 465
209, 0.6054299473762512, 763, 376, 825, 468
209, 0.8060142993927002, 96, 306, 225, 612
210, 0.5969873666763306, 760, 376, 826, 468
210, 0.809950590133667, 93, 304, 237, 615
211, 0.7395296096801758, 95, 291, 241, 612
211, 0.5860244631767273, 755, 379, 819, 464
212, 0.7780635356903076, 94, 290, 248, 613
212, 0.7042872309684753, 747, 374, 813, 467
213, 0.6663414239883423, 748, 358, 805, 464
213, 0.7902687788009644, 94, 295, 252, 607
214, 0.6227964758872986, 746, 349, 803, 465
214, 0.7565240859985352, 94, 296, 253, 605
215, 0.5653566718101501, 748, 351, 802, 466
215, 0.7294704914093018, 92, 300, 252, 601
216, 0.7682185173034668, 105, 308, 264, 611
217, 0.6061792969703674, 726, 356, 781, 494
217, 0.7782213091850281, 104, 302, 266, 616
218, 0.6583773493766785, 722, 357, 778, 503
218, 0.8163526058197021, 106, 302, 266, 619
219, 0.6838153600692749, 723, 358, 778, 500
219, 0.8173550367355347, 108, 304, 266, 617
220, 0.6742938160896301, 720, 355, 777, 502
220, 0.8107352256774902, 114, 308, 266, 613
221, 0.70482337474823, 718, 353, 777, 506
221, 0.8018591403961182, 114, 310, 267, 612
222, 0.7054067850112915, 717, 352, 775, 505
222, 0.7833720445632935, 118, 308, 268, 612
223, 0.8117613196372986, 140, 281, 256, 621
223, 0.7261150479316711, 715, 347, 775, 507
224, 0.8082907199859619, 156, 282, 254, 618
224, 0.738876223564148, 713, 352, 772, 506
225, 0.7902420163154602, 163, 288, 258, 612
225, 0.7375892996788025, 707, 348, 767, 503
226, 0.7847170233726501, 171, 294, 258, 607
226, 0.7833172082901001, 700, 346, 765, 509
227, 0.7605679035186768, 172, 298, 260, 602
227, 0.7584241628646851, 698, 350, 762, 509
228, 0.7891457080841064, 175, 295, 265, 603
228, 0.7944934964179993, 696, 348, 761, 512
229, 0.7843088507652283, 186, 296, 275, 601
229, 0.8091723918914795, 690, 350, 760, 514
230, 0.7928463816642761, 196, 291, 280, 611
230, 0.8095767498016357, 685, 344, 759, 511
231, 0.8166879415512085, 203, 292, 284, 609
231, 0.6087327003479004, 690, 361, 758, 498
232, 0.8108745813369751, 204, 292, 290, 608
232, 0.6296536922454834, 668, 372, 744, 507
233, 0.7987557649612427, 204, 291, 309, 611
233, 0.7064259648323059, 668, 371, 742, 510
234, 0.8181631565093994, 202, 292, 318, 609
234, 0.7407931685447693, 664, 368, 744, 508
235, 0.8300864696502686, 202, 287, 327, 613
235, 0.7532198429107666, 661, 365, 746, 510
236, 0.8278936743736267, 208, 296, 340, 603
236, 0.7844697833061218, 658, 363, 746, 513
237, 0.822017252445221, 211, 296, 342, 604
237, 0.8241245150566101, 648, 357, 744, 510
238, 0.8129655122756958, 211, 293, 347, 606
238, 0.8318475484848022, 646, 357, 741, 509
239, 0.8175635933876038, 208, 288, 354, 612
239, 0.7775765061378479, 653, 360, 737, 516
240, 0.8447225093841553, 209, 290, 360, 611
240, 0.8361607193946838, 643, 352, 736, 509
241, 0.8406780362129211, 210, 291, 361, 610
241, 0.8627534508705139, 643, 353, 737, 510
242, 0.8079990148544312, 208, 292, 363, 611
242, 0.8296576142311096, 643, 350, 733, 513
243, 0.8528227210044861, 642, 349, 730, 513
243, 0.8053256869316101, 204, 304, 368, 613
244, 0.8386902809143066, 642, 346, 723, 512
244, 0.8343254923820496, 206, 305, 368, 613
245, 0.7545080780982971, 645, 351, 716, 507
245, 0.831091046333313, 206, 306, 373, 610
246, 0.7634578943252563, 643, 345, 710, 510
246, 0.8222163915634155, 208, 303, 377, 613
247, 0.6645666360855103, 634, 356, 700, 507
247, 0.8094951510429382, 214, 304, 381, 611
248, 0.6978879570960999, 634, 350, 694, 507
248, 0.789308488368988, 221, 308, 381, 608
249, 0.7556384205818176, 631, 348, 693, 509
249, 0.7836949825286865, 231, 308, 379, 609
250, 0.7548876404762268, 629, 346, 689, 513
250, 0.7834444046020508, 241, 312, 377, 606
251, 0.7481381893157959, 628, 348, 686, 511
251, 0.7662492394447327, 240, 316, 378, 604
252, 0.7388787269592285, 626, 346, 682, 509
252, 0.6701065897941589, 260, 309, 382, 608
253, 0.6124383211135864, 272, 294, 377, 605
253, 0.7452046871185303, 623, 349, 680, 513
254, 0.7334498763084412, 282, 292, 375, 607
254, 0.7266669869422913, 620, 349, 676, 509
255, 0.755265474319458, 292, 293, 374, 608
255, 0.7353166937828064, 616, 351, 674, 506
256, 0.7622422575950623, 300, 295, 376, 605
256, 0.7152945399284363, 613, 348, 675, 506
257, 0.7898918390274048, 308, 297, 377, 604
257, 0.7267652750015259, 607, 350, 675, 508
258, 0.78291255235672, 311, 298, 378, 600
258, 0.7485199570655823, 600, 347, 674, 509
259, 0.756756603717804, 312, 299, 385, 596
259, 0.7573378086090088, 595, 350, 673, 506
260, 0.7461665868759155, 313, 302, 386, 596
260, 0.7118464112281799, 592, 346, 672, 505
261, 0.7014473676681519, 311, 302, 394, 595
261, 0.8276431560516357, 583, 344, 667, 508
262, 0.8111783266067505, 579, 345, 668, 506
262, 0.766615629196167, 318, 323, 418, 593
263, 0.8010628819465637, 317, 303, 422, 598
263, 0.8337463140487671, 576, 345, 669, 507
264, 0.8306204080581665, 575, 346, 668, 509
264, 0.8417356610298157, 311, 316, 428, 600
265, 0.8459250330924988, 571, 349, 666, 509
265, 0.840158224105835, 305, 317, 444, 600
266, 0.845543622970581, 570, 348, 662, 509
266, 0.8375662565231323, 302, 315, 453, 602
267, 0.8390250205993652, 566, 348, 662, 509
267, 0.8276985883712769, 300, 316, 460, 602
268, 0.8385818004608154, 566, 346, 659, 509
268, 0.8211875557899475, 300, 314, 464, 603
269, 0.8275289535522461, 568, 343, 655, 511
269, 0.8264910578727722, 305, 319, 466, 599
270, 0.7671812772750854, 566, 341, 642, 514
270, 0.815771758556366, 306, 325, 470, 596
271, 0.6790594458580017, 566, 343, 628, 506
271, 0.8103745579719543, 308, 322, 469, 598
272, 0.6894157528877258, 563, 341, 625, 507
272, 0.8136541247367859, 306, 320, 468, 601
273, 0.6906452775001526, 560, 336, 620, 512
273, 0.830744743347168, 306, 321, 466, 601
274, 0.7591619491577148, 544, 335, 617, 515
274, 0.8142985701560974, 315, 320, 464, 601
275, 0.8014225363731384, 549, 337, 609, 512
275, 0.7942278981208801, 319, 320, 462, 603
276, 0.8075583577156067, 552, 338, 609, 515
276, 0.7764454483985901, 322, 320, 460, 603
277, 0.8096179366111755, 549, 341, 607, 508
277, 0.7207985520362854, 333, 322, 456, 599
278, 0.799873948097229, 546, 347, 606, 511
278, 0.7144731879234314, 346, 315, 472, 603
279, 0.7305651307106018, 358, 297, 465, 605
279, 0.7749190926551819, 544, 352, 601, 509
280, 0.7526125907897949, 365, 302, 462, 600
280, 0.7630808353424072, 541, 350, 598, 511
281, 0.7872146964073181, 376, 308, 464, 594
281, 0.7351230382919312, 537, 352, 596, 511
282, 0.8093956112861633, 384, 310, 470, 591
282, 0.7234604358673096, 535, 348, 595, 512
283, 0.8182973861694336, 387, 310, 474, 590
283, 0.7427091598510742, 532, 347, 594, 513
284, 0.8154253959655762, 395, 307, 481, 595
284, 0.7429352402687073, 529, 349, 593, 513
285, 0.8168771862983704, 397, 310, 485, 591
285, 0.752190887928009, 527, 348, 593, 513
286, 0.5146017670631409, 215, 385, 240, 421
286, 0.8036343455314636, 406, 307, 506, 592
286, 0.7061376571655273, 524, 354, 594, 509
287, 0.84748774766922, 407, 307, 513, 593
287, 0.7342768311500549, 512, 346, 594, 514
288, 0.5044721961021423, 215, 386, 240, 421
288, 0.8429044485092163, 409, 304, 515, 596
288, 0.7672004699707031, 511, 345, 594, 513
289, 0.7393714785575867, 508, 346, 595, 513
289, 0.8198896050453186, 411, 312, 512, 600
290, 0.837931752204895, 409, 304, 522, 599
290, 0.7419009208679199, 505, 350, 600, 512
291, 0.7952070832252502, 501, 353, 600, 513
291, 0.7924139499664307, 412, 314, 514, 601
292, 0.7801093459129333, 499, 349, 598, 517
292, 0.7906386256217957, 411, 315, 522, 603
293, 0.6926476955413818, 498, 344, 592, 522
293, 0.8228769302368164, 411, 320, 526, 598
294, 0.8056967258453369, 408, 324, 542, 594
295, 0.8352442979812622, 409, 300, 550, 600
296, 0.8241711258888245, 410, 303, 552, 597
297, 0.8242714405059814, 411, 305, 555, 596
298, 0.821155846118927, 412, 303, 555, 599
299, 0.502301812171936, 215, 385, 240, 423
299, 0.8207764625549316, 414, 314, 555, 602
300, 0.8055282235145569, 419, 316, 556, 601
301, 0.7804795503616333, 426, 311, 569, 604
302, 0.7976937890052795, 433, 303, 565, 597
303, 0.5065727829933167, 215, 386, 240, 423
303, 0.7749210596084595, 437, 298, 565, 602
304, 0.7813116312026978, 441, 300, 567, 601
305, 0.793425440788269, 437, 322, 577, 595
306, 0.7759524583816528, 446, 327, 577, 590
307, 0.5132171511650085, 455, 365, 493, 503
307, 0.736972987651825, 462, 310, 562, 587
308, 0.6319381594657898, 449, 361, 495, 497
308, 0.7406768798828125, 455, 333, 567, 585
309, 0.6951128840446472, 447, 357, 496, 500
309, 0.7387954592704773, 468, 313, 558, 581
310, 0.658249020576477, 441, 359, 499, 502
310, 0.7362501621246338, 472, 313, 556, 583
311, 0.6584669351577759, 439, 357, 499, 503
311, 0.7265965342521667, 476, 311, 557, 582
312, 0.6908270120620728, 439, 358, 501, 504
312, 0.7711923122406006, 484, 308, 564, 585
313, 0.6713864803314209, 436, 357, 499, 506
313, 0.8133043050765991, 492, 310, 568, 585
314, 0.7387011647224426, 429, 355, 492, 511
314, 0.8163425326347351, 497, 308, 568, 584
315, 0.7383463978767395, 427, 355, 487, 512
315, 0.7467705011367798, 503, 304, 591, 592
316, 0.5008009672164917, 215, 386, 239, 423
316, 0.7506244778633118, 425, 356, 490, 515
316, 0.78641676902771, 505, 305, 591, 594
317, 0.7646113634109497, 422, 355, 490, 513
317, 0.8069616556167603, 507, 305, 594, 595
318, 0.6808527112007141, 423, 355, 484, 510
318, 0.8234220743179321, 512, 308, 596, 593
319, 0.5903816819190979, 415, 361, 465, 494
319, 0.8139468431472778, 513, 305, 604, 595
320, 0.6588111519813538, 412, 356, 464, 497
320, 0.8417426347732544, 513, 308, 611, 591
321, 0.6743300557136536, 406, 360, 468, 496
321, 0.8424511551856995, 512, 308, 617, 592
322, 0.657286524772644, 402, 357, 461, 496
322, 0.8014945983886719, 511, 308, 624, 593
323, 0.6622036099433899, 401, 354, 458, 497
323, 0.8163372874259949, 504, 320, 640, 597
324, 0.6701290011405945, 399, 357, 454, 494
324, 0.7967819571495056, 504, 324, 640, 593
325, 0.6889751553535461, 396, 358, 452, 496
325, 0.8172502517700195, 505, 320, 644, 599
326, 0.6089902520179749, 391, 356, 449, 496
326, 0.8018700480461121, 505, 322, 645, 597
327, 0.6912582516670227, 389, 353, 450, 505
327, 0.8229275345802307, 505, 324, 643, 596
328, 0.7614710927009583, 379, 343, 459, 511
328, 0.807279646396637, 505, 322, 643, 597
329, 0.7513278126716614, 384, 349, 451, 508
329, 0.8022030591964722, 512, 308, 640, 594
330, 0.7419480681419373, 381, 351, 446, 510
330, 0.8082551956176758, 506, 327, 645, 594
331, 0.7606316804885864, 376, 351, 447, 511
331, 0.7583359479904175, 509, 330, 644, 593
332, 0.7925917506217957, 370, 346, 450, 515
332, 0.7111104726791382, 539, 302, 640, 599
333, 0.773051381111145, 369, 344, 449, 515
333, 0.7777625918388367, 543, 300, 639, 601
334, 0.7809207439422607, 356, 347, 441, 513
334, 0.7983840703964233, 549, 302, 639, 599
335, 0.7539827227592468, 352, 352, 442, 511
335, 0.8014785647392273, 557, 305, 637, 596
336, 0.7535716891288757, 353, 353, 441, 510
336, 0.8172075748443604, 561, 308, 641, 592
337, 0.8045241236686707, 353, 350, 443, 513
337, 0.7984317541122437, 568, 311, 645, 587
338, 0.8002328872680664, 353, 348, 441, 513
338, 0.79510098695755, 575, 313, 648, 585
339, 0.7776912450790405, 349, 349, 438, 514
339, 0.7934912443161011, 580, 312, 648, 585
340, 0.7353639602661133, 345, 343, 426, 517
340, 0.7930436134338379, 582, 312, 654, 586
341, 0.743140459060669, 340, 346, 421, 516
341, 0.7755774855613708, 586, 319, 658, 580
342, 0.7615603804588318, 341, 347, 403, 510
342, 0.8201618194580078, 593, 307, 687, 590
343, 0.8009697198867798, 339, 347, 398, 511
343, 0.8218770623207092, 597, 303, 687, 595
344, 0.7999278903007507, 337, 345, 400, 511
344, 0.8425098657608032, 595, 300, 694, 599
345, 0.7896237373352051, 336, 343, 393, 509
345, 0.8422562479972839, 595, 300, 695, 599
346, 0.7454272508621216, 335, 341, 393, 508
346, 0.8565594553947449, 596, 297, 702, 601
347, 0.642490029335022, 333, 342, 392, 508
347, 0.8593106865882874, 598, 298, 711, 601
348, 0.589898943901062, 324, 350, 380, 503
348, 0.8537054657936096, 599, 297, 719, 600
349, 0.6616498827934265, 319, 346, 379, 506
349, 0.8592674136161804, 602, 294, 723, 603
350, 0.6860995888710022, 315, 344, 377, 513
350, 0.8497803807258606, 603, 296, 730, 601
351, 0.7003516554832458, 312, 345, 374, 513
351, 0.8453379273414612, 603, 301, 733, 597
352, 0.7015316486358643, 310, 343, 373, 511
352, 0.8455884456634521, 601, 302, 736, 596
353, 0.7155946493148804, 308, 343, 371, 511
353, 0.8633476495742798, 608, 301, 747, 597
354, 0.67335045337677, 309, 344, 369, 509
354, 0.8661783933639526, 613, 300, 745, 596
355, 0.6960200667381287, 306, 343, 368, 514
355, 0.8708139657974243, 614, 302, 745, 598
356, 0.7504453063011169, 297, 346, 373, 513
356, 0.8726372122764587, 614, 300, 746, 600
357, 0.8115785717964172, 292, 348, 371, 514
357, 0.8738493919372559, 611, 299, 751, 601
358, 0.8298212289810181, 289, 350, 367, 514
358, 0.8798534870147705, 616, 299, 751, 602
359, 0.8168094158172607, 287, 350, 370, 512
359, 0.8645983338356018, 624, 296, 753, 606
360, 0.8021507263183594, 285, 352, 365, 514
360, 0.8635051250457764, 629, 296, 753, 606
361, 0.7930532693862915, 285, 351, 361, 515
361, 0.8537081480026245, 639, 298, 754, 603
362, 0.8002599477767944, 283, 346, 358, 515
362, 0.8647907376289368, 647, 297, 750, 602
363, 0.7772182822227478, 279, 346, 358, 515
363, 0.8539318442344666, 654, 302, 749, 599
364, 0.7589036226272583, 269, 344, 353, 517
364, 0.8515459299087524, 659, 298, 747, 602
365, 0.7157530784606934, 270, 346, 346, 512
365, 0.8180966973304749, 660, 305, 743, 596
366, 0.740559458732605, 268, 335, 334, 516
366, 0.8479418754577637, 665, 306, 742, 594
367, 0.6147952079772949, 265, 343, 323, 508
367, 0.8405777215957642, 666, 312, 742, 589
368, 0.7243820428848267, 261, 335, 326, 513
368, 0.8232079148292542, 670, 313, 742, 586
369, 0.7591195106506348, 259, 333, 323, 516
369, 0.8303363919258118, 672, 312, 747, 588
370, 0.7652981281280518, 259, 333, 320, 517
370, 0.8085147142410278, 672, 314, 747, 587
371, 0.7426086068153381, 258, 338, 316, 514
371, 0.8034043908119202, 690, 306, 755, 590
372, 0.7606529593467712, 253, 335, 315, 509
372, 0.8046115040779114, 691, 308, 758, 588
373, 0.7459087371826172, 250, 337, 309, 512
373, 0.8332087993621826, 688, 309, 766, 588
374, 0.7414844036102295, 250, 337, 306, 513
374, 0.8391079902648926, 693, 308, 765, 588
375, 0.7115083932876587, 247, 340, 306, 512
375, 0.8172903656959534, 690, 313, 775, 585
376, 0.623556911945343, 244, 341, 307, 510
376, 0.8268308043479919, 693, 305, 779, 590
377, 0.6041553020477295, 231, 349, 285, 507
377, 0.8209167122840881, 695, 307, 782, 589
378, 0.7553606629371643, 223, 341, 302, 515
378, 0.8188004493713379, 697, 306, 784, 588
379, 0.79041588306427, 219, 343, 302, 513
379, 0.8128811717033386, 696, 309, 786, 588
380, 0.7878975868225098, 214, 344, 298, 513
380, 0.8104814887046814, 695, 309, 786, 590
381, 0.7955442667007446, 209, 344, 295, 513
381, 0.8115280866622925, 695, 312, 784, 588
382, 0.7919734120368958, 206, 342, 295, 513
382, 0.7921391129493713, 698, 314, 791, 585
383, 0.7955919504165649, 204, 341, 294, 513
383, 0.7837840914726257, 701, 313, 793, 585
384, 0.8153565526008606, 207, 341, 293, 515
384, 0.7773677110671997, 694, 305, 803, 588
385, 0.8190276026725769, 202, 346, 292, 513
385, 0.7545056343078613, 692, 305, 807, 586
386, 0.8242728114128113, 203, 348, 290, 514
386, 0.577023983001709, 722, 302, 815, 578
387, 0.5357101559638977, 747, 323, 808, 465
387, 0.8078095316886902, 201, 349, 286, 514
387, 0.5322463512420654, 726, 302, 816, 577
388, 0.6592442393302917, 750, 320, 811, 466
388, 0.72773677110672, 199, 349, 279, 516
389, 0.7516142725944519, 754, 321, 813, 463
389, 0.7519696950912476, 198, 346, 271, 517
390, 0.7575828433036804, 758, 322, 816, 468
390, 0.7456676363945007, 201, 348, 264, 517
391, 0.7753740549087524, 760, 324, 816, 473
391, 0.769692063331604, 194, 350, 261, 516
392, 0.8019631505012512, 760, 324, 816, 476
392, 0.6562922596931458, 190, 346, 251, 515
393, 0.7865736484527588, 762, 326, 822, 475
393, 0.6729942560195923, 188, 345, 249, 515
394, 0.7613186836242676, 763, 326, 827, 474
394, 0.6517425775527954, 181, 348, 244, 513
395, 0.7614428997039795, 765, 326, 833, 475
395, 0.7197847366333008, 179, 349, 234, 514
396, 0.7500050067901611, 766, 327, 839, 475
396, 0.6979517340660095, 177, 350, 233, 511
397, 0.6811309456825256, 767, 326, 842, 476
397, 0.6924052238464355, 175, 351, 232, 514
398, 0.6745550036430359, 782, 316, 842, 484
398, 0.6972653865814209, 174, 341, 230, 520
399, 0.6971946954727173, 779, 313, 848, 504
399, 0.7309948205947876, 172, 343, 229, 515
400, 0.740303635597229, 781, 325, 847, 489
400, 0.7194799184799194, 170, 342, 230, 515
401, 0.6976191401481628, 783, 328, 847, 486
401, 0.6836512684822083, 166, 344, 228, 507
402, 0.7037692666053772, 784, 325, 848, 486
402, 0.6970509886741638, 161, 344, 226, 507
403, 0.6991866827011108, 785, 324, 848, 488
403, 0.6898514628410339, 158, 344, 224, 510
404, 0.6878185868263245, 785, 323, 848, 489
404, 0.6833284497261047, 153, 345, 225, 510
405, 0.6744293570518494, 785, 314, 851, 506
405, 0.7326444387435913, 147, 343, 222, 512
406, 0.6818453669548035, 787, 312, 851, 507
406, 0.6187719702720642, 145, 345, 222, 511
407, 0.5816202759742737, 790, 308, 851, 511
407, 0.6814196705818176, 134, 348, 219, 507
408, 0.542538046836853, 798, 331, 849, 478
408, 0.6795728802680969, 132, 349, 218, 508
409, 0.5851531624794006, 799, 327, 848, 481
409, 0.7034077048301697, 131, 348, 217, 510
410, 0.721496045589447, 129, 346, 216, 509
410, 0.5192843675613403, 809, 346, 849, 503
411, 0.7109680771827698, 127, 347, 214, 509
412, 0.6786819696426392, 126, 345, 208, 510
413, 0.7311223745346069, 130, 345, 190, 514
414, 0.7085922360420227, 128, 342, 187, 515
415, 0.684242308139801, 128, 341, 183, 514
416, 0.6495819687843323, 126, 340, 181, 514
417, 0.6560328006744385, 121, 339, 178, 516
418, 0.6593444347381592, 118, 342, 174, 513
419, 0.6310707926750183, 117, 344, 174, 510
420, 0.6230100393295288, 111, 342, 170, 507
421, 0.768500804901123, 102, 339, 163, 509
422, 0.7714150547981262, 99, 334, 161, 514
423, 0.7145689129829407, 95, 339, 157, 511
424, 0.6901266574859619, 92, 340, 154, 515
425, 0.6975563764572144, 86, 340, 152, 514
426, 0.7080230712890625, 86, 335, 151, 516
427, 0.6944074630737305, 81, 339, 150, 514
428, 0.6990947723388672, 74, 342, 152, 512
429, 0.7531732320785522, 69, 342, 150, 511
430, 0.765235960483551, 66, 343, 150, 511
431, 0.7498654723167419, 63, 343, 151, 510
432, 0.750971257686615, 65, 344, 148, 512
433, 0.7608742117881775, 66, 342, 146, 513
434, 0.7705793976783752, 63, 344, 144, 513
435, 0.6904224157333374, 67, 342, 138, 517
436, 0.6744927167892456, 61, 345, 136, 513
437, 0.644708514213562, 58, 345, 134, 513
438, 0.54837566614151, 62, 346, 129, 512
439, 0.5475664734840393, 49, 347, 115, 509
440, 0.6253507137298584, 48, 348, 113, 509
441, 0.634544849395752, 43, 347, 109, 511
442, 0.6890446543693542, 42, 344, 102, 511
443, 0.6598525643348694, 38, 338, 100, 512
444, 0.5575207471847534, 33, 337, 98, 512
445, 0.5469387769699097, 18, 342, 103, 509
446, 0.6683977246284485, 13, 341, 98, 510
447, 0.6553097367286682, 12, 344, 97, 510
448, 0.6908881664276123, 9, 341, 94, 511
449, 0.7059038877487183, 7, 344, 97, 507
450, 0.6587921380996704, 3, 350, 96, 506
451, 0.5415223240852356, 76, 376, 101, 428
451, 0.6629534959793091, 5, 348, 93, 507
452, 0.5399770736694336, 75, 380, 101, 429
452, 0.6660433411598206, 4, 347, 91, 510
453, 0.6059101223945618, 72, 382, 102, 428
453, 0.692410409450531, 2, 348, 93, 508
454, 0.6268274188041687, 71, 384, 102, 428
454, 0.7717648148536682, 0, 349, 94, 508
455, 0.6461782455444336, 71, 383, 102, 427
455, 0.7279325127601624, 4, 339, 80, 517
456, 0.5643737316131592, 70, 385, 98, 426
456, 0.6968796253204346, 2, 340, 80, 516
457, 0.7049939632415771, 3, 340, 79, 516
458, 0.6907483339309692, 1, 342, 79, 516
459, 0.7332802414894104, 1, 341, 78, 515
460, 0.6244194507598877, 0, 340, 66, 521
461, 0.6915987133979797, 0, 336, 59, 520
462, 0.6995182633399963, 3, 338, 55, 517
463, 0.6822581887245178, 5, 346, 50, 512
464, 0.6481649875640869, 2, 348, 47, 507
465, 0.6089135408401489, 0, 351, 43, 507
466, 0.6352363228797913, 0, 341, 40, 508
467, 0.615147054195404, 0, 334, 35, 512
468, 0.5648407936096191, 0, 333, 30, 513
469, 0.5630561113357544, 0, 336, 29, 512
470, 0.5804426670074463, 0, 337, 29, 510
471, 0.5775948166847229, 0, 340, 28, 510
472, 0.560313880443573, 0, 344, 25, 510
473, 0.5251449346542358, 0, 347, 24, 511
693, 0.5079256296157837, 215, 386, 240, 421
697, 0.5017660856246948, 215, 385, 240, 420
698, 0.5058640837669373, 215, 385, 240, 420
708, 0.5026857256889343, 215, 385, 240, 421
709, 0.5186644792556763, 215, 384, 240, 421
751, 0.5014500617980957, 215, 385, 240, 420
755, 0.5069114565849304, 215, 385, 240, 421
756, 0.5159146785736084, 215, 385, 240, 420
773, 0.5043883323669434, 215, 386, 240, 420
774, 0.5010853409767151, 215, 386, 240, 420
777, 0.5237675309181213, 214, 385, 240, 421
778, 0.5085761547088623, 214, 386, 240, 421
779, 0.5107299089431763, 215, 386, 240, 421
780, 0.509454071521759, 215, 386, 240, 420
781, 0.5175303220748901, 214, 385, 240, 421
790, 0.5059351921081543, 215, 386, 240, 420
792, 0.503099262714386, 215, 385, 240, 421
797, 0.5048321485519409, 215, 385, 240, 420
808, 0.5054782629013062, 214, 385, 240, 419
810, 0.5256943106651306, 214, 384, 240, 419
811, 0.5370738506317139, 214, 384, 240, 420
812, 0.5547288656234741, 213, 384, 240, 420
813, 0.5393376350402832, 214, 384, 240, 420
814, 0.5273926258087158, 214, 384, 240, 419
815, 0.5300918221473694, 214, 384, 240, 419
816, 0.5267394781112671, 214, 384, 240, 419
817, 0.5339747667312622, 214, 384, 240, 419
818, 0.5380129218101501, 214, 384, 240, 420
819, 0.5529345273971558, 214, 383, 240, 420
820, 0.5251877307891846, 214, 383, 240, 420
821, 0.5478600263595581, 214, 383, 241, 420
822, 0.5432285666465759, 214, 383, 241, 419
823, 0.5384487509727478, 214, 383, 241, 419
824, 0.5404830574989319, 214, 384, 241, 419
825, 0.5460439920425415, 213, 384, 241, 419
826, 0.5581523180007935, 214, 384, 241, 420
827, 0.5436130166053772, 214, 384, 241, 419
827, 0.5162798762321472, 630, 371, 649, 402
828, 0.5359697341918945, 214, 384, 240, 419
828, 0.5075055360794067, 630, 370, 648, 402
829, 0.5323715209960938, 214, 384, 241, 419
829, 0.5009448528289795, 631, 370, 648, 402
830, 0.5408703684806824, 214, 384, 241, 419
831, 0.5528942942619324, 214, 384, 241, 420
832, 0.5253934860229492, 214, 384, 240, 419
833, 0.5600391626358032, 213, 384, 241, 420
834, 0.549738347530365, 213, 384, 241, 420
835, 0.5374937653541565, 214, 384, 241, 420
836, 0.5273551344871521, 214, 384, 241, 419
837, 0.5361048579216003, 214, 384, 240, 420
838, 0.5502001047134399, 214, 384, 240, 420
839, 0.5317882299423218, 214, 384, 241, 420
840, 0.5378517508506775, 214, 384, 240, 419
841, 0.5485867261886597, 214, 384, 240, 420
842, 0.54377681016922, 214, 384, 240, 420
843, 0.5458205342292786, 214, 384, 240, 420
844, 0.5434436202049255, 214, 384, 241, 421
845, 0.5574163198471069, 213, 384, 240, 421
846, 0.5447049736976624, 214, 384, 240, 420
847, 0.5387099981307983, 214, 384, 240, 419
847, 0.5226161479949951, 614, 364, 635, 403
848, 0.5337585210800171, 214, 384, 241, 419
848, 0.5309885144233704, 613, 366, 635, 402
849, 0.5378818511962891, 214, 384, 240, 420
849, 0.5594431161880493, 613, 368, 635, 402
850, 0.5468581318855286, 214, 384, 241, 420
850, 0.5603693127632141, 613, 365, 635, 402
851, 0.5527122020721436, 214, 384, 240, 419
852, 0.5567355751991272, 214, 384, 240, 420
853, 0.5671534538269043, 213, 384, 240, 421
854, 0.5385940670967102, 214, 385, 240, 421
855, 0.5428566336631775, 213, 384, 241, 421
856, 0.5363771915435791, 214, 385, 240, 420
857, 0.5328443646430969, 214, 384, 240, 420
858, 0.5384699702262878, 214, 384, 240, 420
859, 0.5407477617263794, 214, 384, 240, 420
860, 0.549808919429779, 214, 384, 241, 421
861, 0.5557355880737305, 214, 384, 240, 420
861, 0.525708794593811, 608, 368, 621, 400
862, 0.5580548644065857, 213, 384, 241, 421
862, 0.5440770387649536, 607, 367, 620, 399
863, 0.5444021224975586, 214, 384, 240, 421
863, 0.5106810927391052, 815, 358, 850, 507
864, 0.5341348052024841, 214, 384, 240, 420
864, 0.600053608417511, 816, 356, 851, 509
865, 0.545436441898346, 214, 384, 240, 421
866, 0.5074421763420105, 214, 384, 240, 420
867, 0.5345494747161865, 214, 384, 240, 421
868, 0.523158609867096, 214, 384, 240, 420
869, 0.5210487246513367, 215, 384, 240, 420
869, 0.5036642551422119, 602, 371, 620, 398
870, 0.5159549713134766, 215, 384, 240, 419
870, 0.5393184423446655, 600, 369, 619, 398
870, 0.5538709759712219, 797, 359, 845, 498
871, 0.5317800045013428, 214, 384, 240, 419
871, 0.5069673657417297, 598, 368, 618, 398
871, 0.6488160490989685, 797, 355, 845, 502
872, 0.530396044254303, 214, 383, 240, 420
872, 0.5904124975204468, 798, 360, 846, 496
873, 0.5065503120422363, 215, 384, 240, 420
873, 0.6611349582672119, 796, 356, 846, 499
874, 0.5081115961074829, 215, 384, 240, 420
874, 0.662431001663208, 793, 356, 845, 495
875, 0.5434730052947998, 214, 384, 240, 421
875, 0.6886000037193298, 789, 358, 844, 495
876, 0.5412349700927734, 214, 384, 240, 421
876, 0.6714377999305725, 790, 357, 844, 497
877, 0.5186082720756531, 214, 384, 240, 420
877, 0.6531305909156799, 788, 354, 842, 499
878, 0.5220246911048889, 214, 383, 240, 419
878, 0.6752862334251404, 784, 353, 841, 508
879, 0.5104584693908691, 215, 384, 240, 419
879, 0.6422690749168396, 787, 355, 841, 506
880, 0.5276543498039246, 214, 384, 240, 419
880, 0.6742755174636841, 786, 352, 840, 504
881, 0.515993058681488, 215, 384, 240, 418
881, 0.6020390391349792, 787, 348, 839, 507
882, 0.5101922154426575, 215, 384, 240, 418
882, 0.5001651048660278, 786, 344, 834, 467
883, 0.5109941959381104, 215, 385, 240, 418
883, 0.5344998836517334, 778, 356, 832, 449
884, 0.5001499056816101, 215, 384, 240, 418
884, 0.6100258231163025, 778, 352, 832, 451
885, 0.5036908984184265, 215, 384, 240, 419
885, 0.6676884293556213, 778, 349, 831, 455
886, 0.7032769322395325, 777, 346, 830, 458
887, 0.6823245286941528, 776, 349, 829, 456
888, 0.6415485739707947, 774, 349, 825, 459
889, 0.5346083641052246, 214, 384, 240, 420
889, 0.5834307074546814, 771, 351, 820, 457
890, 0.6298736333847046, 770, 348, 820, 462
891, 0.6305352449417114, 770, 348, 818, 466
892, 0.5000931024551392, 214, 385, 240, 421
892, 0.6905121207237244, 766, 349, 817, 468
893, 0.7272381782531738, 764, 349, 815, 466
894, 0.7185728549957275, 764, 352, 815, 466
895, 0.6878517270088196, 763, 353, 811, 467
896, 0.5058768391609192, 215, 385, 240, 421
896, 0.7130075693130493, 760, 351, 809, 465
897, 0.73960942029953, 757, 352, 807, 467
898, 0.7308275699615479, 756, 352, 806, 467
899, 0.7486883997917175, 752, 352, 802, 466
900, 0.7288262248039246, 751, 350, 801, 468
901, 0.7423509359359741, 751, 349, 800, 469
902, 0.6252229809761047, 750, 353, 797, 466
903, 0.5753384232521057, 749, 358, 797, 463
904, 0.570520281791687, 746, 361, 792, 462
905, 0.5861066579818726, 745, 363, 788, 458
905, 0.5386032462120056, 727, 353, 783, 509
906, 0.6555483341217041, 727, 348, 782, 513
907, 0.7035431265830994, 727, 345, 782, 511
908, 0.7286957502365112, 725, 349, 780, 515
909, 0.7672461867332458, 726, 346, 779, 514
910, 0.7690290808677673, 720, 351, 778, 512
911, 0.7932857275009155, 722, 354, 777, 510
912, 0.7720000743865967, 721, 352, 773, 508
913, 0.7875316739082336, 717, 351, 769, 509
914, 0.8000092506408691, 715, 349, 767, 511
915, 0.818140983581543, 715, 351, 765, 515
916, 0.8041500449180603, 712, 345, 761, 514
917, 0.7914859056472778, 712, 346, 761, 514
918, 0.7712483406066895, 710, 352, 761, 511
919, 0.7765025496482849, 708, 349, 758, 512
920, 0.7596545219421387, 707, 348, 755, 508
921, 0.7311999797821045, 705, 351, 751, 505
922, 0.745703399181366, 702, 349, 750, 506
923, 0.7561889886856079, 700, 353, 748, 501
924, 0.7615783214569092, 700, 352, 746, 505
925, 0.7843714952468872, 694, 343, 746, 510
926, 0.7921427488327026, 684, 356, 746, 507
927, 0.7699012756347656, 685, 360, 742, 503
928, 0.8173156380653381, 685, 355, 740, 506
929, 0.8064523935317993, 686, 356, 736, 506
930, 0.7855952978134155, 683, 358, 733, 503
931, 0.7928856015205383, 679, 356, 732, 505
932, 0.782950758934021, 670, 355, 728, 507
933, 0.7987680435180664, 667, 351, 728, 513
934, 0.7938639521598816, 663, 349, 729, 514
935, 0.8000462055206299, 661, 346, 729, 516
936, 0.7859670519828796, 659, 347, 729, 518
937, 0.7806240320205688, 657, 348, 729, 516
938, 0.7809332609176636, 659, 344, 725, 517
939, 0.7754316926002502, 657, 348, 727, 515
940, 0.7675016522407532, 656, 346, 726, 511
941, 0.7526785135269165, 656, 346, 725, 510
942, 0.7533217668533325, 655, 349, 721, 512
943, 0.7584652304649353, 655, 348, 716, 510
944, 0.756937563419342, 652, 348, 717, 507
945, 0.751480221748352, 652, 347, 714, 507
946, 0.7683010101318359, 651, 344, 712, 509
947, 0.7721236348152161, 652, 344, 708, 508
948, 0.7633869051933289, 650, 346, 704, 506
949, 0.7574531435966492, 650, 346, 701, 502
950, 0.7004860043525696, 643, 354, 693, 495
951, 0.7099966406822205, 641, 353, 692, 496
952, 0.7215807437896729, 642, 349, 690, 496
953, 0.7721819877624512, 643, 346, 687, 501
954, 0.7690057158470154, 643, 346, 685, 498
955, 0.7684487700462341, 641, 346, 683, 497
956, 0.7649853825569153, 640, 346, 683, 501
957, 0.7641682624816895, 639, 345, 681, 501
958, 0.7724173069000244, 637, 345, 680, 499
959, 0.7767957448959351, 635, 346, 679, 501
960, 0.7754548788070679, 633, 347, 679, 502
961, 0.7678869366645813, 630, 347, 678, 501
962, 0.7813623547554016, 628, 345, 679, 504
963, 0.7834327816963196, 625, 344, 678, 505
964, 0.7895490527153015, 621, 344, 678, 505
965, 0.7987605929374695, 616, 343, 679, 507
966, 0.7779123783111572, 613, 344, 679, 507
967, 0.758695125579834, 610, 344, 680, 508
968, 0.7375691533088684, 610, 346, 680, 506
969, 0.7170034050941467, 609, 346, 679, 504
970, 0.6845830082893372, 610, 347, 678, 504
971, 0.6709537506103516, 611, 350, 677, 504
972, 0.6977167725563049, 609, 350, 676, 504
973, 0.7201679348945618, 601, 348, 683, 506
974, 0.7346737384796143, 604, 344, 674, 507
975, 0.7366295456886292, 602, 342, 673, 507
976, 0.6982054114341736, 599, 353, 673, 501
977, 0.616767168045044, 599, 361, 670, 496
978, 0.5932157039642334, 591, 349, 649, 502
979, 0.6092017292976379, 593, 349, 646, 499
980, 0.6597636342048645, 595, 345, 643, 501
981, 0.7047924995422363, 594, 343, 640, 498
982, 0.7085948586463928, 591, 343, 638, 501
983, 0.7588048577308655, 588, 339, 636, 503
984, 0.7515859603881836, 586, 340, 634, 504
985, 0.7534633874893188, 585, 340, 630, 509
986, 0.7373862266540527, 583, 341, 629, 509
987, 0.7590044140815735, 582, 337, 627, 511
988, 0.7483688592910767, 579, 338, 626, 509
989, 0.7249648571014404, 577, 340, 625, 507
990, 0.7284754514694214, 576, 340, 625, 505
991, 0.7222549319267273, 574, 342, 624, 501
992, 0.7284328937530518, 572, 342, 623, 499
993, 0.731964647769928, 568, 344, 622, 502
994, 0.7377793788909912, 567, 344, 620, 504
995, 0.743929922580719, 568, 345, 617, 502
996, 0.7442689538002014, 562, 344, 616, 506
997, 0.7285125851631165, 562, 343, 613, 508
998, 0.7347136735916138, 560, 341, 613, 512
999, 0.7591891288757324, 549, 339, 607, 515
1000, 0.7486542463302612, 548, 345, 608, 510
1001, 0.7699476480484009, 548, 341, 608, 513
1002, 0.7399694323539734, 548, 342, 606, 510
1003, 0.6863473057746887, 544, 346, 600, 506
1004, 0.7110112905502319, 544, 343, 595, 506
1005, 0.6824135184288025, 541, 344, 592, 505
1006, 0.691887617111206, 540, 346, 588, 505
1007, 0.7194979786872864, 538, 345, 586, 506
1008, 0.7058199048042297, 534, 345, 586, 508
1009, 0.71995609998703, 531, 341, 585, 511
1010, 0.6855412125587463, 529, 343, 582, 509
1011, 0.7100272178649902, 525, 346, 580, 508
1012, 0.6890459060668945, 525, 344, 579, 504
1013, 0.7307751178741455, 524, 340, 579, 505
1014, 0.735007643699646, 523, 340, 578, 505
1015, 0.723535418510437, 521, 339, 577, 507
1016, 0.7423739433288574, 522, 339, 579, 507
1017, 0.7106111645698547, 522, 342, 580, 508
1018, 0.7126388549804688, 519, 344, 579, 507
1019, 0.707443118095398, 516, 345, 581, 509
1020, 0.7136785984039307, 515, 346, 583, 507
1021, 0.7258657813072205, 514, 347, 583, 508
1022, 0.7218198180198669, 510, 346, 582, 505
1023, 0.6833696365356445, 504, 343, 582, 512
1024, 0.7043246030807495, 503, 341, 585, 511
1025, 0.6894683837890625, 490, 344, 574, 511
1026, 0.6847509741783142, 489, 345, 575, 511
1027, 0.6487973928451538, 488, 350, 575, 509
1028, 0.7333686947822571, 491, 346, 572, 513
1029, 0.7823323607444763, 489, 346, 569, 513
1030, 0.795764684677124, 489, 345, 567, 513
1031, 0.7834163904190063, 489, 343, 565, 515
1032, 0.7310492992401123, 487, 344, 561, 518
1033, 0.7420753836631775, 492, 348, 552, 519
1034, 0.7839189767837524, 495, 344, 548, 521
1035, 0.7886261940002441, 493, 342, 543, 522
1036, 0.7671694755554199, 491, 340, 539, 518
1037, 0.7602017521858215, 488, 339, 536, 520
1038, 0.7552064061164856, 485, 339, 533, 514
1039, 0.7797606587409973, 484, 341, 533, 510
1040, 0.7702161073684692, 483, 340, 532, 510
1041, 0.7583334445953369, 483, 341, 530, 513
1042, 0.7584537863731384, 479, 343, 529, 508
1043, 0.772261917591095, 475, 336, 526, 513
1044, 0.7644901871681213, 474, 336, 526, 511
1045, 0.7831559777259827, 471, 335, 524, 510
1046, 0.7744425535202026, 469, 331, 524, 512
1047, 0.7586812376976013, 462, 346, 516, 513
1048, 0.7374982237815857, 461, 345, 516, 512
1049, 0.6979382634162903, 457, 350, 514, 510
1050, 0.6990641951560974, 452, 354, 510, 507
1051, 0.7113158702850342, 449, 353, 507, 509
1052, 0.7366265654563904, 448, 353, 507, 512
1053, 0.7529280185699463, 446, 350, 510, 516
1054, 0.7489515542984009, 444, 349, 507, 515
1055, 0.781994640827179, 443, 345, 503, 520
1056, 0.7911955118179321, 442, 341, 502, 522
1057, 0.7830281257629395, 439, 344, 503, 522
1058, 0.795354425907135, 431, 351, 513, 516
1059, 0.8216747641563416, 430, 354, 514, 514
1060, 0.8342941999435425, 426, 353, 515, 513
1061, 0.7870408892631531, 425, 352, 510, 514
1062, 0.7299256324768066, 422, 350, 506, 513
1063, 0.7636765241622925, 419, 350, 502, 512
1064, 0.7911233901977539, 416, 348, 499, 511
1065, 0.7508760094642639, 419, 341, 489, 518
1066, 0.7195492386817932, 420, 343, 489, 520
1067, 0.6743841171264648, 411, 344, 477, 510
1068, 0.678963303565979, 412, 346, 474, 508
1069, 0.6605037450790405, 409, 348, 470, 509
1070, 0.6894385814666748, 410, 349, 466, 508
1071, 0.686937689781189, 410, 351, 464, 507
1072, 0.6726087927818298, 408, 348, 462, 507
1073, 0.7246357798576355, 405, 343, 461, 498
1074, 0.740913987159729, 398, 343, 460, 500
1075, 0.7522971034049988, 401, 344, 456, 507
1076, 0.7684235572814941, 400, 343, 456, 508
1077, 0.771006166934967, 397, 340, 454, 516
1078, 0.7712252736091614, 397, 340, 454, 518
1079, 0.7629460692405701, 397, 335, 454, 525
1080, 0.7378929257392883, 395, 335, 452, 518
1081, 0.7504076957702637, 390, 335, 451, 518
1082, 0.7460188269615173, 378, 343, 456, 516
1083, 0.753395676612854, 373, 345, 454, 514
1084, 0.7314243912696838, 380, 337, 448, 512
1085, 0.7345158457756042, 368, 344, 451, 508
1086, 0.75169438123703, 367, 346, 450, 509
1087, 0.6687394380569458, 357, 342, 431, 510
1088, 0.758030891418457, 355, 347, 441, 510
1089, 0.7406612634658813, 353, 351, 443, 509
1090, 0.7988829612731934, 355, 350, 441, 511
1091, 0.7806824445724487, 355, 349, 439, 511
1092, 0.7731700539588928, 355, 346, 439, 513
1093, 0.7597410678863525, 353, 346, 440, 513
1094, 0.7566346526145935, 351, 347, 433, 512
1095, 0.738153338432312, 354, 344, 416, 518
1096, 0.7653977274894714, 353, 343, 412, 517
1097, 0.7747529149055481, 352, 338, 408, 518
1098, 0.747717022895813, 350, 340, 406, 516
1099, 0.7835240364074707, 350, 339, 403, 514
1100, 0.797341525554657, 347, 342, 399, 513
1101, 0.7818449139595032, 345, 342, 399, 510
1102, 0.7641029953956604, 343, 341, 396, 508
1103, 0.7777056097984314, 338, 338, 396, 509
1104, 0.7972652316093445, 335, 335, 393, 514
1105, 0.7701484560966492, 333, 334, 392, 516
1106, 0.7578110694885254, 331, 337, 393, 516
1107, 0.7327147722244263, 326, 338, 385, 517
1108, 0.693386971950531, 324, 342, 383, 515
1109, 0.7038276791572571, 320, 345, 380, 516
1110, 0.6895736455917358, 316, 342, 379, 518
1111, 0.7450664639472961, 310, 345, 383, 519
1112, 0.7528406381607056, 308, 345, 382, 519
1113, 0.7902859449386597, 304, 349, 382, 516
1114, 0.801528811454773, 300, 348, 381, 516
1115, 0.80660480260849, 299, 346, 380, 515
1116, 0.8054865598678589, 299, 347, 381, 516
1117, 0.8077929615974426, 295, 348, 377, 517
1118, 0.8049727082252502, 293, 349, 377, 518
1119, 0.8105050325393677, 290, 349, 379, 518
1120, 0.8072627782821655, 291, 349, 375, 518
1121, 0.7908791303634644, 291, 350, 376, 517
1122, 0.7881059050559998, 288, 350, 370, 518
1123, 0.7071003913879395, 289, 347, 360, 521
1124, 0.6895681023597717, 291, 342, 355, 525
1125, 0.6468517780303955, 288, 346, 356, 519
1126, 0.6162850856781006, 280, 342, 342, 517
1127, 0.6916892528533936, 280, 340, 341, 519
1128, 0.7368773818016052, 282, 341, 339, 518
1129, 0.7114498019218445, 281, 343, 334, 514
1130, 0.7737388014793396, 282, 342, 332, 513
1131, 0.7804732322692871, 278, 340, 327, 514
1132, 0.7638947367668152, 276, 343, 325, 516
1133, 0.7620425820350647, 271, 340, 322, 510
1134, 0.7574063539505005, 270, 342, 318, 515
1135, 0.7875210642814636, 268, 338, 318, 520
1136, 0.8104438781738281, 265, 331, 316, 527
1137, 0.7903177738189697, 263, 336, 315, 523
1138, 0.7740085124969482, 260, 336, 315, 522
1139, 0.7442542314529419, 254, 335, 314, 526
1140, 0.7464523911476135, 251, 337, 313, 523
1141, 0.7298895716667175, 248, 338, 313, 520
1142, 0.7277037501335144, 247, 336, 314, 520
1143, 0.7338597774505615, 243, 340, 314, 518
1144, 0.702819287776947, 241, 341, 311, 516
1145, 0.6625459790229797, 241, 348, 310, 517
1146, 0.7551724314689636, 218, 348, 311, 515
1147, 0.7369775176048279, 221, 348, 307, 516
1148, 0.7043604254722595, 221, 349, 308, 516
1149, 0.7240277528762817, 221, 349, 308, 514
1150, 0.7530645132064819, 221, 344, 309, 512
1151, 0.7671350836753845, 222, 344, 308, 512
1152, 0.7294663786888123, 222, 344, 305, 512
1153, 0.6874935626983643, 222, 343, 300, 516
1154, 0.7027660608291626, 221, 346, 279, 521
1155, 0.696121096611023, 220, 351, 271, 516
1156, 0.7198985815048218, 219, 346, 269, 514
1157, 0.6841080784797668, 219, 348, 270, 511
1158, 0.73834627866745, 215, 348, 266, 514
1159, 0.7425235509872437, 214, 349, 261, 515
1160, 0.7637755870819092, 208, 346, 258, 515
1161, 0.7155452370643616, 206, 348, 256, 511
1162, 0.7278411984443665, 206, 348, 253, 510
1163, 0.7207356691360474, 203, 343, 254, 514
1164, 0.6936570405960083, 195, 349, 248, 509
1165, 0.7018354535102844, 194, 347, 248, 509
1166, 0.7066561579704285, 190, 347, 247, 508
1167, 0.6569945216178894, 185, 350, 244, 506
1168, 0.6184713840484619, 177, 357, 238, 504
1169, 0.6748424172401428, 175, 355, 236, 510
1170, 0.6949911117553711, 171, 348, 246, 516
1171, 0.7030556201934814, 170, 348, 245, 516
1172, 0.7141453623771667, 167, 347, 244, 516
1173, 0.7688047885894775, 165, 347, 243, 515
1174, 0.7872545123100281, 163, 346, 243, 517
1175, 0.7629553079605103, 162, 348, 243, 515
1176, 0.7398147583007812, 159, 350, 239, 517
1177, 0.7497328519821167, 156, 350, 237, 518
1178, 0.8145036697387695, 154, 349, 239, 514
1179, 0.8102707862854004, 154, 348, 237, 514
1180, 0.791915774345398, 155, 346, 231, 517
1181, 0.7534707188606262, 153, 345, 228, 516
1182, 0.7543090581893921, 152, 342, 224, 519
1183, 0.657412588596344, 150, 341, 220, 519
1184, 0.6491490602493286, 159, 343, 213, 517
1185, 0.6418763995170593, 159, 345, 212, 518
1186, 0.5885559916496277, 153, 352, 200, 502
1187, 0.7126643061637878, 152, 348, 201, 505
1188, 0.6724260449409485, 149, 351, 198, 504
1189, 0.7138684391975403, 146, 354, 195, 509
1190, 0.7539166212081909, 143, 351, 192, 511
1191, 0.7303471565246582, 140, 348, 189, 509
1192, 0.7307397723197937, 134, 346, 186, 510
1193, 0.7332731485366821, 133, 345, 184, 512
1194, 0.7529373168945312, 130, 344, 182, 515
1195, 0.7664717435836792, 129, 339, 180, 512
1196, 0.7349807024002075, 129, 341, 180, 510
1197, 0.6993013620376587, 127, 344, 181, 506
1198, 0.6756047606468201, 124, 350, 182, 511
1199, 0.6789689660072327, 122, 352, 182, 511
1200, 0.6800457835197449, 119, 350, 180, 509
1201, 0.6476782560348511, 114, 349, 180, 509
1201, 0.5150851607322693, 812, 353, 850, 498
1202, 0.6452813148498535, 113, 347, 180, 511
1202, 0.5692567825317383, 808, 355, 850, 497
1203, 0.6512966752052307, 109, 350, 177, 511
1203, 0.5872144103050232, 812, 353, 851, 498
1204, 0.6562506556510925, 107, 349, 176, 514
1204, 0.53458571434021, 814, 354, 850, 496
1205, 0.618384599685669, 105, 348, 174, 514
1205, 0.559502899646759, 812, 353, 851, 496
1206, 0.6004834771156311, 106, 352, 175, 512
1206, 0.5381255149841309, 809, 352, 850, 497
1207, 0.7360385656356812, 97, 346, 166, 516
1207, 0.6089586615562439, 808, 348, 850, 500
1208, 0.7701073884963989, 97, 343, 166, 518
1208, 0.6266206502914429, 805, 346, 848, 501
1209, 0.7597247958183289, 97, 340, 164, 518
1209, 0.6483310461044312, 803, 344, 848, 502
1210, 0.7277705073356628, 91, 346, 161, 515
1210, 0.6735408306121826, 800, 340, 849, 507
1211, 0.7391265630722046, 92, 350, 153, 517
1211, 0.6388375759124756, 800, 343, 848, 508
1212, 0.718157172203064, 90, 344, 149, 518
1212, 0.6137950420379639, 796, 346, 847, 504
1213, 0.7411792278289795, 91, 341, 142, 520
1213, 0.6203033924102783, 795, 344, 847, 505
1214, 0.5397576093673706, 790, 351, 845, 463
1214, 0.7585292458534241, 89, 340, 137, 515
1215, 0.7647691965103149, 87, 334, 134, 516
1215, 0.5297673344612122, 793, 348, 847, 497
1216, 0.7742292284965515, 88, 330, 131, 514
1217, 0.5476630926132202, 785, 347, 837, 463
1217, 0.7371988892555237, 87, 334, 130, 518
1218, 0.6285455226898193, 785, 345, 835, 463
1218, 0.7254417538642883, 85, 334, 131, 518
1219, 0.6078193783760071, 787, 345, 835, 457
1219, 0.7333136200904846, 80, 340, 129, 513
1220, 0.5846351385116577, 788, 342, 833, 461
1220, 0.7229903936386108, 74, 337, 127, 520
1221, 0.5651026368141174, 787, 343, 834, 462
1221, 0.7063194513320923, 72, 339, 125, 519
1222, 0.5923256874084473, 775, 347, 833, 461
1222, 0.6890215277671814, 71, 339, 122, 519
1223, 0.6662229299545288, 775, 346, 833, 462
1223, 0.5936934351921082, 70, 339, 120, 517
1224, 0.7239521741867065, 775, 344, 833, 466
1224, 0.5896080136299133, 57, 342, 113, 515
1225, 0.7749944925308228, 775, 341, 831, 470
1225, 0.67103511095047, 58, 342, 112, 515
1226, 0.7816591262817383, 773, 338, 829, 473
1226, 0.6488932371139526, 56, 346, 112, 511
1227, 0.7474145889282227, 771, 339, 827, 470
1227, 0.6668604016304016, 50, 348, 111, 513
1228, 0.7543765902519226, 767, 340, 823, 471
1228, 0.6342344880104065, 45, 349, 108, 510
1229, 0.7369998097419739, 765, 339, 821, 467
1229, 0.6683152914047241, 40, 353, 107, 511
1230, 0.6813283562660217, 763, 342, 816, 465
1230, 0.7017115354537964, 37, 352, 106, 513
1231, 0.6839485764503479, 762, 343, 816, 465
1231, 0.7081090807914734, 36, 350, 104, 516
1232, 0.6687871813774109, 760, 346, 815, 465
1232, 0.6960282921791077, 27, 350, 108, 514
1233, 0.6810863614082336, 755, 347, 815, 466
1233, 0.7209120392799377, 24, 350, 106, 515
1234, 0.7536396384239197, 754, 344, 814, 474
1234, 0.7391750812530518, 26, 346, 105, 516
1235, 0.7254761457443237, 752, 343, 814, 475
1235, 0.7392564415931702, 24, 347, 104, 516
1236, 0.7653100490570068, 749, 340, 810, 477
1236, 0.5091282725334167, 808, 346, 849, 462
1236, 0.695046603679657, 32, 359, 100, 514
1237, 0.7768614888191223, 747, 341, 807, 481
1237, 0.6769887804985046, 30, 350, 100, 516
1237, 0.5404762029647827, 808, 359, 851, 501
1238, 0.8045684099197388, 747, 340, 806, 482
1238, 0.5712410807609558, 800, 335, 846, 478
1238, 0.7184006571769714, 17, 351, 101, 519
1239, 0.7865195274353027, 744, 340, 802, 479
1239, 0.6642388701438904, 796, 344, 847, 478
1239, 0.7409461140632629, 17, 347, 97, 518
1240, 0.7104228138923645, 743, 341, 799, 477
1240, 0.6886323094367981, 17, 345, 93, 516
1240, 0.7219212651252747, 801, 352, 849, 499
1241, 0.6245477199554443, 745, 341, 798, 474
1241, 0.6883515119552612, 786, 344, 845, 477
1241, 0.6359837651252747, 17, 345, 91, 519
1242, 0.5512418150901794, 751, 342, 798, 474
1242, 0.7167506814002991, 782, 339, 842, 479
1242, 0.5806724429130554, 26, 345, 93, 524
1243, 0.6814786791801453, 783, 337, 838, 481
1243, 0.5920872688293457, 29, 349, 87, 523
1244, 0.5187620520591736, 733, 350, 784, 462
1244, 0.5600076913833618, 28, 347, 86, 522
1245, 0.5023561120033264, 769, 344, 812, 473
1245, 0.5314158797264099, 25, 350, 82, 520
1245, 0.5579942464828491, 726, 355, 781, 500
1246, 0.5050082206726074, 769, 349, 814, 470
1246, 0.5535663962364197, 6, 349, 66, 521
1246, 0.6592805981636047, 726, 352, 778, 508
1247, 0.5888415575027466, 6, 346, 68, 521
1247, 0.6822477579116821, 728, 347, 779, 513
1248, 0.5235757231712341, 3, 348, 65, 518
1248, 0.6902735233306885, 724, 349, 775, 512
1249, 0.5010519027709961, 68, 383, 96, 426
1249, 0.5702689290046692, 2, 349, 66, 513
1249, 0.6633002758026123, 719, 337, 772, 519
1250, 0.6619441509246826, 3, 346, 66, 512
1250, 0.632548451423645, 719, 342, 772, 518
1251, 0.6647687554359436, 4, 347, 64, 512
1251, 0.6038017272949219, 717, 340, 767, 519
1252, 0.6574627757072449, 2, 349, 63, 510
1252, 0.6560805439949036, 714, 338, 781, 527
1253, 0.6566010117530823, 3, 348, 62, 505
1253, 0.7410717010498047, 711, 342, 785, 524
1254, 0.6864368915557861, 3, 345, 60, 509
1254, 0.7622648477554321, 709, 340, 785, 525
1255, 0.7039294242858887, 1, 343, 58, 507
1255, 0.7578149437904358, 710, 342, 784, 525
1256, 0.7241619229316711, 2, 344, 54, 506
1256, 0.8062036037445068, 707, 340, 781, 524
1257, 0.6947696805000305, 2, 345, 51, 508
1257, 0.8307431936264038, 704, 338, 781, 523
1258, 0.6983368992805481, 1, 346, 50, 509
1258, 0.8392773866653442, 702, 338, 777, 530
1259, 0.6978887319564819, 0, 343, 51, 511
1259, 0.8486851453781128, 696, 344, 774, 536
1260, 0.6746091246604919, 0, 351, 49, 510
1260, 0.8520649075508118, 691, 340, 768, 539
1261, 0.6686782836914062, 0, 351, 47, 509
1261, 0.8656252026557922, 683, 335, 763, 535
1262, 0.6514536738395691, 0, 351, 45, 508
1262, 0.8523878455162048, 677, 341, 750, 537
1263, 0.6516709923744202, 0, 352, 44, 510
1263, 0.8685622811317444, 674, 343, 751, 545
1264, 0.6510165929794312, 0, 353, 42, 511
1264, 0.8534525632858276, 672, 342, 749, 544
1265, 0.6465770602226257, 0, 350, 42, 513
1265, 0.8367290496826172, 661, 342, 745, 549
1266, 0.6514789462089539, 0, 349, 40, 514
1266, 0.8562361598014832, 655, 338, 742, 553
1267, 0.6387056112289429, 0, 345, 35, 514
1267, 0.8552261590957642, 654, 337, 739, 550
1268, 0.5755112171173096, 0, 347, 34, 511
1268, 0.824487030506134, 658, 338, 735, 550
1269, 0.5491753816604614, 0, 348, 33, 513
1269, 0.7972188591957092, 657, 343, 730, 547
1270, 0.5111724734306335, 0, 352, 35, 512
1270, 0.760993480682373, 652, 341, 725, 549
1271, 0.7510597705841064, 653, 337, 725, 551
1272, 0.7614992260932922, 629, 344, 699, 550
1273, 0.8070939779281616, 626, 337, 694, 551
1273, 0.7150301337242126, 656, 331, 727, 540
1274, 0.8075751662254333, 622, 334, 689, 545
1274, 0.7289993166923523, 657, 331, 728, 536
1275, 0.8040804266929626, 615, 333, 687, 541
1275, 0.7498754858970642, 655, 333, 727, 532
1276, 0.7972973585128784, 611, 331, 686, 547
1276, 0.7325322031974792, 653, 330, 727, 532
1277, 0.7961735129356384, 602, 330, 690, 541
1277, 0.7520425319671631, 654, 334, 730, 529
1278, 0.77674800157547, 599, 330, 691, 541
1278, 0.7289985418319702, 653, 335, 728, 527
1279, 0.7706331610679626, 593, 332, 690, 545
1279, 0.7593857645988464, 657, 336, 733, 530
1280, 0.773109495639801, 588, 336, 692, 545
1280, 0.7206621766090393, 653, 341, 735, 524
1281, 0.797391951084137, 583, 333, 696, 551
1281, 0.7001295685768127, 648, 343, 730, 523
1282, 0.7758669853210449, 582, 331, 699, 547
1282, 0.7060691118240356, 646, 343, 727, 523
1283, 0.7990793585777283, 576, 331, 667, 546
1283, 0.7873623967170715, 646, 342, 724, 521
1284, 0.8127263784408569, 575, 332, 658, 546
1284, 0.7705490589141846, 647, 342, 720, 521
1285, 0.7879052758216858, 569, 337, 648, 542
1285, 0.7422090768814087, 647, 340, 719, 522
1286, 0.7759343981742859, 564, 338, 646, 537
1286, 0.7679909467697144, 646, 337, 716, 521
1287, 0.7854297757148743, 558, 338, 642, 542
1287, 0.7314971089363098, 646, 336, 715, 521
1288, 0.7985298037528992, 554, 340, 640, 545
1288, 0.7556440234184265, 645, 337, 714, 522
1289, 0.7541521787643433, 548, 339, 631, 543
1289, 0.7597854137420654, 644, 337, 714, 524
1290, 0.8105525970458984, 543, 335, 628, 551
1290, 0.7465059757232666, 631, 342, 705, 520
1291, 0.8010196089744568, 536, 337, 618, 545
1291, 0.8189483880996704, 632, 341, 703, 521
1292, 0.8302549123764038, 536, 334, 607, 540
1292, 0.8105251789093018, 631, 340, 701, 520
1293, 0.8425152897834778, 530, 326, 600, 540
1293, 0.7902958393096924, 632, 337, 697, 522
1294, 0.8534703850746155, 524, 326, 595, 544
1294, 0.8339576721191406, 630, 335, 692, 523
1295, 0.8529382944107056, 518, 323, 591, 535
1295, 0.84318608045578, 629, 336, 690, 523
1296, 0.8544073700904846, 515, 327, 593, 535
1296, 0.8542675375938416, 624, 337, 687, 520
1297, 0.8467251658439636, 505, 326, 592, 541
1297, 0.844617486000061, 624, 338, 686, 518
1298, 0.8189072012901306, 492, 325, 597, 543
1298, 0.8276025652885437, 619, 338, 682, 517
1299, 0.7889000177383423, 487, 326, 599, 540
1299, 0.8427916169166565, 616, 337, 681, 518
1300, 0.7967580556869507, 474, 325, 590, 543
1300, 0.833949625492096, 614, 338, 680, 518
1301, 0.8232073187828064, 468, 330, 592, 544
1301, 0.8415437936782837, 611, 340, 681, 517
1302, 0.8236631751060486, 466, 332, 586, 547
1302, 0.8292446732521057, 606, 342, 682, 517
1303, 0.8192731142044067, 458, 334, 579, 547
1303, 0.8320198655128479, 603, 343, 680, 516
1304, 0.820839524269104, 456, 337, 567, 546
1304, 0.8415371179580688, 601, 342, 679, 513
1305, 0.8233158588409424, 457, 337, 559, 544
1305, 0.8415311574935913, 596, 344, 681, 512
1306, 0.8245384693145752, 459, 339, 549, 545
1306, 0.8460912704467773, 592, 341, 679, 516
1307, 0.8339018821716309, 460, 338, 542, 548
1307, 0.8463742136955261, 589, 341, 677, 517
1308, 0.8173116445541382, 459, 336, 538, 553
1308, 0.8522773385047913, 589, 342, 677, 517
1309, 0.790602445602417, 458, 339, 523, 547
1309, 0.8290678858757019, 591, 342, 675, 518
1310, 0.8178962469100952, 457, 338, 519, 547
1310, 0.8089295029640198, 590, 343, 675, 520
1311, 0.8156089782714844, 452, 339, 511, 547
1311, 0.8095155358314514, 591, 343, 673, 521
1312, 0.7974580526351929, 440, 335, 502, 546
1312, 0.7812798023223877, 591, 343, 674, 520
1313, 0.801889181137085, 432, 336, 504, 545
1313, 0.7621878385543823, 579, 342, 667, 519
1314, 0.7950044870376587, 428, 331, 500, 545
1314, 0.7763898372650146, 579, 341, 666, 519
1315, 0.777504026889801, 422, 332, 499, 547
1315, 0.7836472392082214, 580, 341, 665, 518
1316, 0.797991156578064, 413, 333, 503, 547
1316, 0.8066567182540894, 581, 340, 665, 517
1317, 0.7805402874946594, 407, 336, 506, 550
1317, 0.8324198126792908, 582, 340, 663, 518
1318, 0.7936038374900818, 391, 332, 496, 550
1318, 0.8303147554397583, 582, 338, 660, 518
1319, 0.7605727314949036, 388, 336, 493, 551
1319, 0.840284526348114, 584, 335, 659, 520
1320, 0.796329915523529, 384, 337, 499, 552
1320, 0.7962668538093567, 585, 334, 654, 522
1321, 0.8218499422073364, 379, 337, 505, 552
1321, 0.6816309690475464, 582, 331, 645, 524
1322, 0.8224432468414307, 377, 339, 505, 549
1322, 0.7257393002510071, 581, 331, 635, 523
1323, 0.8181094527244568, 376, 339, 506, 549
1323, 0.720996081829071, 581, 330, 634, 521
1324, 0.8340232968330383, 371, 335, 504, 547
1324, 0.726538360118866, 580, 328, 633, 523
1325, 0.8312610983848572, 368, 336, 501, 546
1325, 0.7335296869277954, 577, 333, 630, 518
1326, 0.8318554162979126, 366, 334, 491, 552
1326, 0.6898658275604248, 576, 329, 629, 519
1327, 0.8304798603057861, 365, 332, 485, 553
1327, 0.7104676961898804, 572, 327, 622, 519
1328, 0.8105707764625549, 366, 332, 469, 554
1328, 0.6739593148231506, 571, 329, 622, 517
1329, 0.8038934469223022, 367, 334, 463, 551
1329, 0.6624601483345032, 569, 329, 621, 517
1330, 0.7954469919204712, 365, 335, 461, 551
1330, 0.6574338674545288, 567, 331, 619, 517
1331, 0.7760803699493408, 364, 327, 458, 557
1331, 0.67505943775177, 562, 330, 618, 522
1332, 0.752946674823761, 357, 333, 439, 550
1332, 0.6959248781204224, 561, 331, 616, 521
1333, 0.7669005990028381, 359, 336, 432, 551
1333, 0.7223111987113953, 559, 330, 614, 521
1334, 0.7546476721763611, 359, 334, 424, 553
1334, 0.6502731442451477, 561, 326, 615, 521
1335, 0.7656446695327759, 354, 327, 418, 550
1335, 0.7032268643379211, 547, 337, 606, 522
1336, 0.7532656192779541, 351, 323, 416, 551
1336, 0.8103115558624268, 542, 335, 612, 519
1337, 0.7675867080688477, 346, 318, 414, 556
1337, 0.8284928798675537, 537, 338, 614, 518
1338, 0.7748103737831116, 341, 322, 413, 555
1338, 0.8328210115432739, 534, 338, 613, 518
1339, 0.8036348819732666, 335, 322, 411, 552
1339, 0.8504088521003723, 530, 337, 612, 518
1340, 0.7938759326934814, 318, 319, 413, 549
1340, 0.8469873666763306, 531, 340, 612, 519
1341, 0.7980847954750061, 304, 330, 409, 550
1341, 0.8390876650810242, 528, 343, 611, 519
1342, 0.7981049418449402, 294, 335, 413, 553
1342, 0.8431234955787659, 524, 344, 610, 517
1343, 0.8289138078689575, 296, 334, 410, 552
1343, 0.8483381271362305, 520, 341, 611, 516
1344, 0.8459869623184204, 288, 334, 413, 551
1344, 0.8573201894760132, 520, 339, 611, 517
1345, 0.8395380973815918, 283, 334, 413, 548
1345, 0.8568780422210693, 518, 340, 606, 519
1346, 0.8262936472892761, 278, 333, 412, 546
1346, 0.8540354371070862, 512, 339, 605, 519
1347, 0.821060299873352, 277, 333, 409, 547
1347, 0.8440855145454407, 512, 338, 604, 520
1348, 0.8162401914596558, 272, 332, 402, 550
1348, 0.8412054181098938, 512, 336, 602, 520
1349, 0.8185532093048096, 269, 333, 396, 551
1349, 0.8349673748016357, 515, 335, 600, 522
1350, 0.8169819116592407, 263, 332, 389, 548
1350, 0.831723153591156, 515, 338, 594, 521
1351, 0.8086041212081909, 268, 335, 385, 547
1351, 0.8513244390487671, 513, 338, 589, 522
1352, 0.8024328947067261, 265, 335, 381, 548
1352, 0.8297580480575562, 513, 339, 583, 523
1353, 0.783944845199585, 277, 334, 373, 546
1353, 0.8084247708320618, 513, 339, 582, 522
1354, 0.7600826621055603, 276, 333, 371, 543
1354, 0.7797603607177734, 512, 341, 582, 522
1355, 0.7303981781005859, 266, 332, 354, 543
1355, 0.7298097014427185, 513, 340, 579, 524
1356, 0.7360784411430359, 265, 330, 343, 544
1356, 0.6743046045303345, 517, 336, 571, 521
1357, 0.7301383018493652, 264, 328, 335, 542
1357, 0.7160941958427429, 514, 336, 577, 524
1358, 0.7441094517707825, 265, 325, 328, 543
1358, 0.749195396900177, 512, 334, 577, 526
1359, 0.7504364252090454, 262, 324, 324, 542
1359, 0.7115938663482666, 510, 333, 579, 524
1360, 0.7696350812911987, 258, 326, 323, 546
1360, 0.7183672785758972, 501, 334, 564, 525
1361, 0.7668890953063965, 255, 319, 319, 550
1361, 0.7365415096282959, 500, 336, 563, 524
1362, 0.7751847505569458, 246, 315, 318, 548
1362, 0.7218672037124634, 497, 337, 562, 521
1363, 0.7477925419807434, 237, 316, 317, 549
1363, 0.7302141785621643, 496, 337, 561, 521
1364, 0.7581149339675903, 228, 317, 320, 549
1364, 0.774728000164032, 491, 337, 559, 522
1365, 0.7669137716293335, 217, 322, 313, 544
1365, 0.7834512591362, 487, 336, 557, 525
1366, 0.7714220285415649, 211, 327, 315, 544
1366, 0.7713456749916077, 487, 333, 557, 524
1367, 0.7878174185752869, 202, 329, 321, 542
1367, 0.7601227164268494, 483, 335, 555, 525
1368, 0.7994397878646851, 197, 332, 325, 544
1368, 0.7687636017799377, 479, 336, 553, 525
1369, 0.8226948380470276, 191, 333, 326, 543
1369, 0.7814109325408936, 473, 334, 554, 523
1370, 0.8373220562934875, 191, 337, 325, 542
1370, 0.8153809905052185, 468, 338, 554, 520
1371, 0.8316706418991089, 191, 335, 325, 543
1371, 0.8116514682769775, 467, 339, 554, 520
1372, 0.8443346619606018, 187, 332, 323, 544
1372, 0.8107408881187439, 465, 339, 552, 518
1373, 0.8410582542419434, 182, 332, 318, 543
1373, 0.8068912029266357, 465, 339, 551, 518
1374, 0.8266900777816772, 175, 331, 311, 548
1374, 0.8131038546562195, 464, 341, 551, 518
1375, 0.8453311324119568, 174, 328, 304, 553
1375, 0.8175841569900513, 463, 343, 552, 516
1376, 0.8310492634773254, 177, 329, 299, 553
1376, 0.817405104637146, 461, 343, 552, 516
1377, 0.8311302065849304, 177, 324, 292, 558
1377, 0.7995977997779846, 464, 342, 550, 516
1378, 0.8081367015838623, 176, 330, 287, 553
1378, 0.8016877174377441, 464, 340, 548, 517
1379, 0.766040563583374, 179, 334, 285, 553
1379, 0.7994087338447571, 464, 343, 547, 517
1380, 0.7576578855514526, 181, 327, 279, 552
1380, 0.8080183267593384, 464, 345, 547, 517
1381, 0.762484610080719, 179, 324, 281, 550
1381, 0.8130122423171997, 461, 342, 546, 516
1382, 0.697541356086731, 176, 324, 260, 549
1382, 0.7834519147872925, 460, 342, 547, 515
1383, 0.7470271587371826, 178, 320, 252, 553
1383, 0.756224513053894, 459, 343, 547, 515
1384, 0.758063018321991, 175, 322, 244, 554
1384, 0.7142302989959717, 446, 347, 533, 513
1385, 0.7539902925491333, 173, 319, 237, 552
1385, 0.7482208609580994, 446, 347, 533, 513
1386, 0.7363444566726685, 168, 323, 232, 554
1386, 0.7652955055236816, 447, 346, 531, 514
1387, 0.7984574437141418, 162, 315, 227, 552
1387, 0.7073920369148254, 447, 344, 527, 513
1388, 0.8467487096786499, 153, 316, 225, 553
1388, 0.715110182762146, 446, 342, 525, 514
1389, 0.8612533211708069, 145, 320, 226, 551
1389, 0.7388092279434204, 450, 343, 507, 511
1390, 0.8199929594993591, 138, 317, 229, 554
1390, 0.7679552435874939, 449, 345, 502, 510
1391, 0.7882767915725708, 114, 324, 231, 552
1391, 0.7553642988204956, 448, 344, 499, 510
1392, 0.8317257761955261, 112, 325, 229, 551
1392, 0.7685703635215759, 446, 342, 498, 511
1393, 0.8413893580436707, 102, 325, 229, 552
1393, 0.7790997624397278, 444, 341, 496, 509
1394, 0.8537677526473999, 91, 322, 226, 551
1394, 0.7799385786056519, 442, 335, 495, 510
1395, 0.8496146202087402, 82, 323, 225, 551
1395, 0.7668383717536926, 440, 341, 494, 511
1396, 0.8433994054794312, 79, 326, 224, 551
1396, 0.7442115545272827, 439, 341, 492, 509
1397, 0.8484010100364685, 79, 326, 222, 555
1397, 0.7406275868415833, 434, 344, 492, 509
1398, 0.8436149954795837, 74, 326, 220, 557
1398, 0.7731819152832031, 431, 338, 489, 511
1399, 0.8476998209953308, 68, 323, 217, 560
1399, 0.7626340389251709, 430, 344, 487, 512
1400, 0.8475330471992493, 68, 324, 214, 557
1400, 0.7685791850090027, 429, 345, 486, 512
1401, 0.8348109126091003, 70, 322, 216, 557
1401, 0.7642806768417358, 426, 344, 484, 514
1402, 0.8233901262283325, 75, 323, 211, 557
1402, 0.777687668800354, 423, 344, 484, 517
1403, 0.8043069243431091, 80, 324, 210, 553
1403, 0.8006632924079895, 420, 341, 484, 518
1404, 0.7948129177093506, 84, 326, 201, 553
1404, 0.737229585647583, 401, 341, 486, 515
1405, 0.7745072245597839, 84, 323, 198, 559
1405, 0.7890164256095886, 397, 342, 487, 514
1406, 0.691425621509552, 86, 321, 194, 555
1406, 0.8225957155227661, 396, 344, 485, 513
1407, 0.7577269673347473, 73, 324, 176, 546
1407, 0.8244989514350891, 394, 343, 486, 513
1408, 0.7672677636146545, 78, 325, 167, 544
1408, 0.8385129570960999, 390, 345, 487, 513
1409, 0.7852156758308411, 84, 322, 153, 556
1409, 0.8442431092262268, 389, 346, 486, 514
1410, 0.7769210934638977, 84, 318, 143, 558
1410, 0.845691978931427, 389, 346, 485, 514
1411, 0.7769845724105835, 80, 318, 138, 559
1411, 0.8375762701034546, 384, 343, 486, 514
1412, 0.76291424036026, 77, 316, 136, 553
1412, 0.8403843641281128, 381, 343, 486, 513
1413, 0.7381387948989868, 73, 315, 136, 550
1413, 0.8367936611175537, 383, 341, 487, 514
1414, 0.7399142980575562, 71, 319, 135, 550
1414, 0.8390392661094666, 382, 343, 484, 514
1415, 0.728053867816925, 66, 322, 132, 556
1415, 0.8467676639556885, 382, 340, 486, 515
1416, 0.7359983921051025, 37, 324, 126, 556
1416, 0.8488214612007141, 377, 340, 474, 514
1417, 0.7508684396743774, 34, 322, 123, 553
1417, 0.8395450711250305, 379, 340, 466, 516
1418, 0.7841094136238098, 29, 327, 125, 547
1418, 0.8242016434669495, 376, 344, 463, 515
1419, 0.7997817397117615, 18, 328, 123, 551
1419, 0.7346911430358887, 377, 344, 457, 515
1420, 0.8107669353485107, 14, 328, 124, 550
1420, 0.6957738995552063, 384, 341, 448, 505
1421, 0.8227892518043518, 8, 328, 129, 547
1421, 0.7151983976364136, 383, 341, 445, 508
1422, 0.8290764093399048, 3, 323, 130, 551
1422, 0.7010458707809448, 382, 341, 446, 511
1423, 0.832110583782196, 1, 322, 130, 555
1423, 0.7568714022636414, 381, 337, 443, 516
1424, 0.8265718221664429, 1, 322, 128, 556
1424, 0.7484696507453918, 381, 337, 441, 517
1425, 0.8260204195976257, 0, 324, 126, 557
1425, 0.7640758156776428, 378, 333, 438, 521
1426, 0.8258220553398132, 0, 330, 123, 557
1426, 0.6953015923500061, 378, 334, 436, 516
1427, 0.813392162322998, 0, 335, 123, 554
1427, 0.6528052091598511, 369, 343, 427, 504
1428, 0.590855598449707, 76, 383, 100, 427
1428, 0.7967556118965149, 0, 329, 122, 558
1428, 0.6908618211746216, 367, 341, 425, 510
1429, 0.6916191577911377, 74, 387, 102, 427
1429, 0.7727210521697998, 0, 324, 118, 558
1429, 0.6541917324066162, 364, 343, 422, 511
1430, 0.6601061224937439, 73, 385, 102, 427
1430, 0.7739788293838501, 0, 326, 111, 560
1430, 0.7009417414665222, 359, 347, 417, 513
1431, 0.6264268159866333, 73, 384, 100, 424
1431, 0.7682062983512878, 0, 324, 110, 558
1431, 0.697844922542572, 357, 345, 415, 513
1432, 0.5853684544563293, 71, 383, 97, 424
1432, 0.7048491835594177, 0, 329, 110, 557
1432, 0.6695243120193481, 355, 349, 414, 512
1433, 0.6780084371566772, 0, 329, 109, 556
1433, 0.7065483927726746, 343, 339, 421, 520
1434, 0.7026601433753967, 2, 325, 75, 550
1434, 0.7341098785400391, 338, 340, 421, 519
1435, 0.7310065031051636, 2, 320, 74, 553
1435, 0.7666038274765015, 335, 341, 424, 518
1436, 0.6703879833221436, 0, 322, 65, 548
1436, 0.7731462121009827, 331, 341, 424, 517
1437, 0.6798175573348999, 0, 319, 58, 549
1437, 0.793522834777832, 328, 342, 426, 515
1438, 0.7254467010498047, 0, 316, 56, 552
1438, 0.8013948202133179, 326, 341, 424, 515
1439, 0.6919386982917786, 0, 318, 50, 548
1439, 0.8050704002380371, 325, 341, 423, 515
1440, 0.6888868808746338, 0, 318, 40, 548
1440, 0.8069732785224915, 324, 342, 424, 516
1441, 0.6917197108268738, 0, 316, 37, 549
1441, 0.8190723657608032, 324, 344, 423, 515
1442, 0.6745244860649109, 0, 313, 40, 551
1442, 0.8212504386901855, 325, 344, 422, 516
1443, 0.6581067442893982, 0, 311, 41, 552
1443, 0.8009099364280701, 325, 347, 421, 516
1444, 0.6451178789138794, 0, 311, 40, 551
1444, 0.7831504344940186, 326, 348, 419, 517
1445, 0.5915582180023193, 0, 317, 39, 558
1445, 0.7719609141349792, 327, 349, 419, 516
1446, 0.7737995982170105, 326, 348, 417, 516
1447, 0.7430163621902466, 326, 348, 415, 516
1448, 0.7504895329475403, 326, 348, 414, 515
1449, 0.7351949214935303, 326, 347, 409, 516
1450, 0.7128186225891113, 324, 344, 408, 516
1451, 0.6837791204452515, 324, 344, 412, 516
1452, 0.6473153233528137, 312, 344, 399, 515
1453, 0.6094183325767517, 312, 344, 397, 515
1454, 0.589972734451294, 314, 344, 395, 516
1455, 0.6264961957931519, 319, 347, 378, 510
1456, 0.6342828273773193, 315, 346, 379, 510
1457, 0.7016775012016296, 315, 343, 374, 512
1458, 0.7070556879043579, 313, 339, 373, 513
1459, 0.7464179396629333, 311, 337, 368, 519
1460, 0.7453199028968811, 310, 334, 368, 521
1461, 0.7307117581367493, 308, 334, 364, 520
1462, 0.7412834763526917, 301, 336, 372, 521
1463, 0.7477818131446838, 300, 339, 371, 522
1464, 0.7432603240013123, 295, 337, 365, 522
1465, 0.7217680811882019, 294, 339, 363, 521
1466, 0.708305299282074, 297, 338, 365, 521
1467, 0.7121659517288208, 292, 339, 362, 521
1468, 0.7422268986701965, 289, 339, 357, 521
1469, 0.7487233877182007, 285, 339, 355, 521
1470, 0.7511040568351746, 274, 339, 347, 517
1471, 0.755698561668396, 272, 339, 347, 516
1472, 0.7759929895401001, 271, 339, 347, 515
1473, 0.7791957259178162, 269, 338, 348, 514
1474, 0.7815167903900146, 265, 340, 349, 515
1475, 0.5286202430725098, 211, 383, 241, 419
1475, 0.7857658863067627, 262, 343, 351, 514
1476, 0.7845902442932129, 261, 346, 351, 515
1477, 0.7860832810401917, 258, 344, 351, 516
1478, 0.7832164764404297, 259, 347, 349, 515
1479, 0.7987444996833801, 260, 346, 348, 515
1480, 0.8018583059310913, 257, 347, 344, 515
1481, 0.7793630361557007, 256, 341, 339, 516
1482, 0.7682792544364929, 258, 343, 338, 516
1483, 0.7607374787330627, 258, 338, 335, 519
1484, 0.7478054165840149, 260, 340, 333, 519
1485, 0.747951865196228, 258, 340, 332, 520
1486, 0.7584525942802429, 257, 338, 331, 519
1487, 0.7763227224349976, 254, 339, 324, 516
1488, 0.7519875168800354, 251, 341, 324, 514
1489, 0.6959943175315857, 248, 342, 323, 515
1490, 0.7124825119972229, 246, 343, 322, 514
1491, 0.7076408863067627, 251, 334, 314, 521
1492, 0.7017649412155151, 250, 330, 308, 524
1493, 0.6779715418815613, 248, 329, 305, 522
1494, 0.5962978005409241, 244, 332, 303, 517
1495, 0.6240600347518921, 244, 331, 302, 518
1496, 0.5943841934204102, 227, 339, 305, 517
1497, 0.6260473132133484, 227, 338, 302, 515
1498, 0.7049578428268433, 228, 335, 300, 516
1499, 0.6723222732543945, 226, 335, 301, 518
1500, 0.663139283657074, 223, 337, 300, 519
1501, 0.7342002391815186, 218, 340, 297, 518
1502, 0.7467203140258789, 210, 342, 292, 518
1503, 0.7565018534660339, 207, 343, 293, 517
1504, 0.784210741519928, 204, 344, 292, 517
1505, 0.786514163017273, 204, 343, 292, 517
1506, 0.7954759001731873, 201, 341, 290, 516
1507, 0.8058450818061829, 199, 341, 288, 516
1508, 0.8047348856925964, 198, 343, 287, 516
1509, 0.7862405180931091, 196, 343, 285, 516
1510, 0.796075165271759, 195, 345, 283, 516
1511, 0.7877589464187622, 197, 341, 283, 518
1512, 0.7975839376449585, 200, 340, 282, 518
1513, 0.8122261762619019, 197, 340, 281, 517
1514, 0.824642539024353, 196, 343, 279, 516
1515, 0.8263377547264099, 196, 344, 274, 517
1516, 0.814484179019928, 196, 342, 272, 516
1517, 0.7627133131027222, 197, 340, 269, 517
1518, 0.739502489566803, 197, 339, 267, 517
1519, 0.7275506854057312, 196, 339, 264, 516
1520, 0.6916541457176208, 199, 339, 261, 517
1521, 0.652657151222229, 200, 340, 259, 514
1522, 0.6012759804725647, 200, 341, 256, 512
1523, 0.5745988488197327, 201, 341, 254, 510
1524, 0.6686822175979614, 192, 350, 250, 503
1525, 0.6422441005706787, 187, 350, 247, 503
1526, 0.6454773545265198, 185, 350, 242, 507
1527, 0.6680517196655273, 183, 350, 239, 508
1528, 0.693577766418457, 181, 350, 237, 509
1529, 0.7228590250015259, 180, 349, 233, 511
1530, 0.7262610793113708, 177, 349, 232, 508
1531, 0.7297776341438293, 175, 348, 230, 509
1532, 0.7208757400512695, 175, 345, 229, 509
1533, 0.7394609451293945, 174, 341, 227, 514
1534, 0.734386146068573, 173, 337, 229, 518
1535, 0.7102012634277344, 171, 335, 229, 520
1536, 0.7519025802612305, 164, 338, 232, 520
1537, 0.813360869884491, 154, 337, 232, 519
1538, 0.808552086353302, 144, 336, 234, 517
1539, 0.8053752183914185, 143, 337, 232, 517
1540, 0.8085185885429382, 141, 339, 231, 516
1541, 0.8142536282539368, 139, 339, 231, 516
1542, 0.8402326703071594, 136, 340, 231, 514
1543, 0.8174886703491211, 136, 340, 230, 515
1544, 0.8220402002334595, 137, 340, 228, 515
1545, 0.8274593949317932, 132, 341, 222, 515
1546, 0.8219332098960876, 130, 339, 222, 515
1547, 0.811081051826477, 131, 342, 221, 514
1548, 0.8035703897476196, 130, 344, 220, 513
1549, 0.8085777163505554, 131, 345, 217, 512
1550, 0.8106575608253479, 130, 346, 217, 511
1551, 0.8140850067138672, 129, 345, 213, 512
1552, 0.7767113447189331, 128, 345, 209, 514
1553, 0.7880725860595703, 128, 341, 207, 515
1554, 0.7758016586303711, 128, 342, 205, 515
1555, 0.7342280745506287, 126, 343, 201, 516
1556, 0.7144226431846619, 126, 342, 198, 517
1557, 0.7222499251365662, 127, 341, 200, 515
1558, 0.6864609718322754, 126, 341, 196, 518
1559, 0.6689903140068054, 130, 340, 185, 518
1560, 0.6753432750701904, 128, 339, 183, 519
1561, 0.7062675952911377, 120, 337, 182, 520
1562, 0.7460927367210388, 117, 337, 179, 520
1563, 0.78106290102005, 112, 336, 176, 520
1564, 0.7776491045951843, 110, 335, 176, 519
1565, 0.7108626365661621, 108, 335, 174, 519
1566, 0.7082932591438293, 107, 336, 173, 520
1567, 0.6859050989151001, 107, 335, 172, 519
1568, 0.6061626672744751, 105, 335, 172, 520
1569, 0.631127655506134, 89, 341, 171, 515
1570, 0.7747262120246887, 90, 341, 170, 515
1571, 0.8047288060188293, 88, 340, 170, 515
1572, 0.8221909999847412, 85, 340, 171, 515
1573, 0.824264645576477, 81, 343, 170, 514
1574, 0.8230326175689697, 78, 343, 167, 514
1575, 0.8084387183189392, 75, 343, 166, 514
1576, 0.8002772927284241, 74, 340, 163, 515
1577, 0.7992804050445557, 72, 339, 162, 515
1578, 0.7908480763435364, 69, 339, 159, 516
1579, 0.7789182066917419, 70, 340, 158, 515
1580, 0.7498731017112732, 72, 342, 158, 516
1581, 0.7147871851921082, 73, 342, 156, 516
1582, 0.7435455918312073, 76, 341, 156, 516
1583, 0.7627071738243103, 77, 340, 153, 518
1584, 0.730364203453064, 76, 341, 149, 519
1585, 0.72788006067276, 76, 340, 145, 519
1586, 0.623871922492981, 79, 339, 137, 514
1587, 0.6607746481895447, 70, 341, 142, 516
1588, 0.6373493075370789, 74, 336, 134, 516
1589, 0.6695656180381775, 74, 335, 131, 516
1590, 0.6946526765823364, 71, 335, 130, 518
1591, 0.6869361996650696, 70, 332, 127, 521
1592, 0.6742719411849976, 67, 334, 126, 517
1593, 0.6520307660102844, 67, 336, 122, 515
1594, 0.5545167922973633, 66, 340, 121, 512
1595, 0.6450011134147644, 56, 336, 117, 516
1596, 0.6886473298072815, 56, 336, 117, 516
1597, 0.6505410075187683, 53, 340, 114, 513
1598, 0.6499351859092712, 50, 340, 111, 515
1599, 0.6125209927558899, 47, 337, 107, 519
1600, 0.6354907155036926, 49, 334, 106, 521
1601, 0.6735178232192993, 48, 333, 104, 524
1602, 0.6693132519721985, 45, 338, 101, 522
1603, 0.679040789604187, 43, 336, 101, 521
1604, 0.6893070936203003, 40, 337, 99, 522
1605, 0.6534225344657898, 35, 338, 99, 525
1606, 0.7554014921188354, 18, 338, 101, 517
1607, 0.7797257304191589, 17, 339, 101, 517
1608, 0.7916898727416992, 15, 339, 101, 516
1609, 0.7840955257415771, 17, 340, 100, 516
1610, 0.7943920493125916, 15, 341, 102, 516
1611, 0.7933792471885681, 14, 338, 103, 515
1612, 0.8000940680503845, 14, 340, 103, 514
