1, 0.7898380756378174, 587, 325, 705, 594
2, 0.7917733192443848, 591, 325, 709, 592
3, 0.7892224788665771, 587, 333, 725, 586
4, 0.80398029088974, 589, 333, 731, 588
5, 0.7956534624099731, 593, 335, 734, 588
6, 0.8032108545303345, 594, 329, 734, 593
7, 0.8069028854370117, 600, 332, 735, 592
8, 0.7825985550880432, 611, 318, 747, 601
9, 0.780527651309967, 612, 321, 748, 600
10, 0.5020800828933716, 214, 385, 241, 421
10, 0.7887037396430969, 613, 327, 750, 594
11, 0.7856250405311584, 620, 325, 752, 594
12, 0.5018595457077026, 214, 385, 241, 421
12, 0.7966294884681702, 623, 322, 754, 597
13, 0.793521523475647, 627, 318, 752, 603
14, 0.7822632193565369, 632, 318, 748, 603
15, 0.7819553017616272, 639, 317, 747, 602
16, 0.8149036169052124, 656, 304, 751, 595
17, 0.7875770926475525, 659, 304, 751, 591
18, 0.7508198022842407, 662, 303, 751, 591
19, 0.5156664252281189, 214, 385, 241, 421
19, 0.7600863575935364, 690, 300, 763, 599
20, 0.7694518566131592, 693, 303, 767, 596
21, 0.5077589750289917, 214, 385, 241, 420
21, 0.7795999646186829, 697, 308, 767, 587
22, 0.7660709619522095, 701, 309, 772, 582
23, 0.7521955370903015, 702, 313, 783, 571
24, 0.7342872619628906, 705, 312, 790, 579
25, 0.7253683805465698, 708, 302, 792, 583
26, 0.6033031940460205, 720, 315, 825, 570
27, 0.6510840654373169, 720, 311, 833, 573
28, 0.5426537394523621, 722, 316, 830, 571
29, 0.6162770986557007, 722, 320, 828, 568
30, 0.5529433488845825, 724, 318, 830, 568
31, 0.5667619109153748, 727, 316, 835, 565
32, 0.5107576251029968, 213, 385, 241, 421
33, 0.6150928139686584, 740, 311, 848, 495
34, 0.5184226632118225, 743, 318, 843, 491
35, 0.5035243630409241, 213, 385, 241, 420
36, 0.5139080882072449, 213, 384, 241, 420
37, 0.5104898810386658, 214, 385, 241, 420
38, 0.5174875855445862, 214, 385, 241, 420
39, 0.5025187134742737, 214, 385, 242, 420
39, 0.5311191082000732, 785, 322, 844, 483
40, 0.5028696656227112, 787, 311, 846, 548
41, 0.5117345452308655, 214, 385, 241, 420
41, 0.5265533328056335, 784, 311, 845, 549
42, 0.6086495518684387, 780, 310, 847, 550
43, 0.5100817084312439, 214, 385, 241, 421
43, 0.5938825607299805, 781, 314, 847, 546
44, 0.5031697750091553, 214, 385, 241, 420
44, 0.5769028067588806, 779, 317, 847, 545
45, 0.601260244846344, 780, 317, 848, 545
46, 0.502446174621582, 214, 385, 241, 420
48, 0.5089457035064697, 213, 385, 241, 420
50, 0.5254075527191162, 214, 385, 241, 420
51, 0.5182406902313232, 214, 385, 241, 420
52, 0.5260069370269775, 214, 385, 241, 421
53, 0.5091151595115662, 214, 385, 241, 420
66, 0.5057403445243835, 214, 385, 241, 420
72, 0.5001137852668762, 214, 385, 241, 420
73, 0.5138605237007141, 214, 385, 241, 421
74, 0.5097998380661011, 214, 385, 241, 421
81, 0.5053924322128296, 214, 385, 241, 421
82, 0.5057023167610168, 214, 385, 241, 420
85, 0.5072266459465027, 214, 385, 241, 421
87, 0.5032476782798767, 214, 385, 241, 420
91, 0.501498281955719, 214, 385, 241, 420
103, 0.5119527578353882, 214, 385, 240, 420
118, 0.5113351941108704, 214, 384, 241, 421
120, 0.5181409120559692, 214, 385, 241, 422
122, 0.5097870826721191, 214, 385, 241, 421
123, 0.5125203728675842, 214, 385, 241, 421
124, 0.5249413847923279, 214, 385, 241, 421
125, 0.5079857110977173, 214, 385, 241, 420
126, 0.5274044871330261, 214, 385, 241, 421
129, 0.502760648727417, 214, 385, 241, 420
133, 0.5108118653297424, 214, 384, 240, 421
135, 0.5171261429786682, 214, 384, 241, 421
136, 0.5212435126304626, 214, 385, 241, 421
137, 0.5266691446304321, 214, 384, 240, 420
138, 0.5158352851867676, 214, 385, 241, 420
138, 0.5318495631217957, 810, 360, 851, 498
139, 0.5131032466888428, 214, 385, 241, 421
139, 0.5206103920936584, 807, 366, 849, 492
140, 0.5330625772476196, 807, 361, 850, 491
141, 0.5240604281425476, 805, 360, 849, 493
142, 0.556317925453186, 806, 355, 848, 496
143, 0.5484347343444824, 799, 352, 848, 495
144, 0.5914524793624878, 798, 350, 847, 498
145, 0.503004789352417, 214, 385, 240, 421
145, 0.6271148920059204, 795, 349, 847, 498
146, 0.6766337752342224, 791, 349, 845, 498
147, 0.6653053760528564, 787, 344, 846, 501
149, 0.5893502235412598, 782, 349, 847, 501
151, 0.5083745718002319, 214, 384, 241, 421
151, 0.5217527747154236, 772, 351, 833, 465
152, 0.6693762540817261, 772, 349, 833, 466
153, 0.5113239288330078, 214, 384, 241, 421
153, 0.7289286255836487, 771, 346, 832, 466
154, 0.5021063685417175, 214, 384, 241, 420
154, 0.7526244521141052, 769, 344, 831, 465
155, 0.692338764667511, 769, 345, 824, 461
156, 0.691030740737915, 765, 345, 817, 464
157, 0.5070348978042603, 214, 385, 241, 420
157, 0.7324255704879761, 764, 350, 813, 466
158, 0.5038917660713196, 214, 385, 241, 419
158, 0.7066820859909058, 762, 349, 814, 464
159, 0.5096516013145447, 214, 385, 241, 420
159, 0.6558277010917664, 758, 347, 812, 461
160, 0.636828601360321, 759, 350, 809, 462
161, 0.7261768579483032, 753, 346, 805, 465
162, 0.7538620233535767, 752, 344, 802, 466
163, 0.5264092087745667, 213, 384, 241, 421
163, 0.7560913562774658, 750, 345, 796, 465
164, 0.705558180809021, 746, 344, 793, 461
165, 0.6016110181808472, 730, 343, 785, 468
166, 0.5462846159934998, 730, 345, 784, 470
167, 0.6727066040039062, 730, 343, 780, 506
168, 0.7430667877197266, 729, 348, 780, 511
169, 0.7692952752113342, 724, 350, 779, 513
170, 0.7530950307846069, 720, 338, 778, 516
171, 0.7391864657402039, 714, 343, 776, 514
172, 0.7307059168815613, 711, 340, 773, 517
173, 0.7629510164260864, 710, 338, 773, 515
174, 0.7621268630027771, 707, 337, 767, 518
175, 0.7640363574028015, 704, 340, 758, 520
176, 0.7579127550125122, 703, 345, 754, 519
177, 0.5302532315254211, 214, 385, 241, 421
177, 0.7660372257232666, 700, 340, 754, 517
178, 0.5162486433982849, 214, 385, 240, 421
178, 0.7388545870780945, 699, 341, 754, 515
179, 0.5167877078056335, 213, 385, 240, 421
179, 0.7133345603942871, 698, 340, 753, 515
180, 0.5473738312721252, 213, 384, 240, 422
180, 0.7017853856086731, 697, 355, 748, 512
181, 0.5323760509490967, 213, 385, 240, 421
181, 0.6819630265235901, 694, 348, 748, 509
182, 0.5206927061080933, 214, 385, 240, 421
182, 0.684908926486969, 687, 345, 739, 511
183, 0.5264708995819092, 214, 385, 240, 421
183, 0.6572542786598206, 686, 347, 737, 506
184, 0.5362682938575745, 213, 385, 241, 421
184, 0.752102792263031, 687, 345, 735, 509
185, 0.5379544496536255, 213, 384, 240, 421
185, 0.7767670154571533, 682, 340, 735, 511
186, 0.5063881278038025, 214, 385, 240, 420
186, 0.7671429514884949, 678, 342, 732, 510
187, 0.5114675164222717, 214, 385, 240, 421
187, 0.7831883430480957, 672, 341, 728, 507
188, 0.5103884935379028, 213, 385, 241, 420
188, 0.8029665946960449, 667, 337, 723, 507
189, 0.7992305159568787, 666, 338, 723, 514
190, 0.7934707403182983, 666, 338, 721, 514
191, 0.5140967965126038, 213, 385, 241, 420
191, 0.781909704208374, 663, 338, 719, 511
192, 0.5238702893257141, 213, 385, 241, 421
192, 0.8097426891326904, 661, 336, 721, 510
193, 0.5036546587944031, 213, 385, 241, 420
193, 0.7993049025535583, 659, 336, 720, 509
194, 0.5153400897979736, 213, 385, 241, 420
194, 0.7992140054702759, 654, 337, 721, 512
195, 0.5304011106491089, 213, 385, 240, 421
195, 0.8566969633102417, 644, 345, 725, 510
196, 0.5307503342628479, 214, 384, 240, 421
196, 0.8498305082321167, 640, 346, 725, 510
197, 0.5224231481552124, 213, 385, 240, 421
197, 0.8425770401954651, 639, 344, 722, 509
198, 0.5231441259384155, 214, 384, 240, 421
198, 0.8329121470451355, 636, 343, 723, 509
199, 0.5038720369338989, 214, 385, 240, 420
199, 0.82713782787323, 636, 344, 725, 510
200, 0.5034656524658203, 213, 385, 241, 420
200, 0.788450300693512, 633, 345, 726, 509
201, 0.7658319473266602, 633, 342, 724, 508
202, 0.7520406246185303, 629, 340, 706, 510
203, 0.7625194191932678, 626, 339, 701, 513
204, 0.7732537388801575, 624, 338, 699, 513
205, 0.7756474614143372, 627, 337, 688, 510
206, 0.8021469116210938, 625, 336, 682, 510
207, 0.7695464491844177, 625, 336, 678, 510
208, 0.515920877456665, 214, 385, 241, 420
208, 0.7287777066230774, 623, 335, 674, 511
209, 0.5063236951828003, 214, 385, 241, 420
209, 0.7104439735412598, 620, 335, 671, 510
210, 0.7179915904998779, 616, 336, 672, 509
211, 0.5291812419891357, 214, 385, 241, 421
211, 0.7372265458106995, 611, 336, 665, 507
212, 0.5140852332115173, 214, 385, 240, 420
212, 0.753554105758667, 607, 329, 663, 515
213, 0.5006559491157532, 214, 385, 241, 420
213, 0.7320109605789185, 603, 331, 660, 511
214, 0.7324427366256714, 589, 336, 655, 509
215, 0.5143299698829651, 214, 385, 241, 420
215, 0.8076284527778625, 588, 332, 655, 510
216, 0.8223162889480591, 588, 332, 656, 509
217, 0.8020570278167725, 585, 334, 654, 508
218, 0.8130806684494019, 584, 334, 652, 509
219, 0.8198738694190979, 582, 335, 652, 508
220, 0.8142858743667603, 573, 336, 651, 509
221, 0.8169130682945251, 569, 340, 649, 510
222, 0.5023692846298218, 214, 385, 241, 420
222, 0.8301314115524292, 564, 342, 649, 510
223, 0.5134401321411133, 214, 385, 241, 420
223, 0.8262732028961182, 564, 343, 646, 512
224, 0.827307403087616, 562, 344, 644, 513
225, 0.8399427533149719, 563, 342, 642, 515
226, 0.5116456151008606, 214, 385, 241, 420
226, 0.8444077372550964, 563, 342, 638, 517
227, 0.8357745409011841, 561, 343, 637, 517
228, 0.530607283115387, 213, 385, 241, 421
228, 0.7881221175193787, 559, 342, 634, 519
229, 0.5236208438873291, 214, 385, 241, 421
229, 0.753883421421051, 557, 344, 632, 518
230, 0.5115832090377808, 214, 385, 241, 421
230, 0.7035712599754333, 555, 340, 628, 518
231, 0.6133356094360352, 560, 337, 618, 513
232, 0.5310581922531128, 214, 385, 240, 421
232, 0.7320346236228943, 551, 343, 608, 512
233, 0.7865098714828491, 551, 337, 608, 516
234, 0.7777622938156128, 549, 335, 605, 514
235, 0.512071967124939, 214, 385, 241, 420
235, 0.7869417071342468, 543, 332, 600, 514
236, 0.8113928437232971, 540, 331, 597, 516
237, 0.8067001104354858, 534, 329, 594, 513
238, 0.7933850884437561, 532, 327, 591, 516
239, 0.8087047934532166, 522, 334, 594, 518
240, 0.7850620746612549, 523, 335, 593, 518
241, 0.7869706153869629, 527, 329, 585, 523
242, 0.7525373101234436, 526, 333, 584, 516
243, 0.7601852416992188, 516, 337, 586, 516
244, 0.7976933121681213, 512, 339, 585, 517
245, 0.7835003137588501, 510, 337, 579, 514
246, 0.7747068405151367, 503, 343, 585, 515
247, 0.749265193939209, 502, 343, 582, 514
248, 0.7618083953857422, 493, 342, 575, 514
249, 0.8013755679130554, 492, 343, 576, 514
250, 0.7717715501785278, 491, 344, 575, 514
251, 0.7238449454307556, 492, 343, 571, 514
252, 0.7330905199050903, 496, 340, 558, 515
253, 0.769198477268219, 494, 336, 555, 513
254, 0.7965320348739624, 492, 331, 551, 518
255, 0.7977080345153809, 490, 329, 545, 520
255, 0.543165922164917, 797, 352, 849, 497
256, 0.7874235510826111, 488, 332, 539, 515
256, 0.570085883140564, 795, 354, 848, 495
257, 0.7923564910888672, 484, 331, 533, 513
257, 0.5421980619430542, 793, 356, 847, 496
258, 0.5096437335014343, 214, 385, 240, 421
258, 0.774707555770874, 482, 332, 530, 510
258, 0.5827925205230713, 784, 347, 846, 498
259, 0.5044049620628357, 214, 385, 240, 420
259, 0.7930610179901123, 477, 328, 528, 512
259, 0.6528226137161255, 782, 345, 846, 501
260, 0.8159915804862976, 474, 322, 526, 518
260, 0.6105973124504089, 778, 329, 844, 524
261, 0.7979561686515808, 471, 322, 522, 519
261, 0.5086619853973389, 785, 352, 844, 498
262, 0.8193343281745911, 461, 329, 519, 524
263, 0.6080150604248047, 776, 349, 834, 466
263, 0.8146722912788391, 461, 337, 516, 516
264, 0.6663110852241516, 774, 349, 835, 465
264, 0.7924695014953613, 461, 337, 514, 512
265, 0.6683095097541809, 775, 348, 833, 462
265, 0.744618833065033, 453, 344, 511, 507
266, 0.7479477524757385, 774, 344, 834, 464
266, 0.7554827928543091, 450, 345, 509, 506
267, 0.7146612405776978, 775, 342, 834, 456
267, 0.7666343450546265, 448, 341, 511, 508
268, 0.6667335629463196, 775, 341, 829, 455
268, 0.7823792099952698, 445, 346, 510, 508
269, 0.694707453250885, 772, 343, 823, 456
269, 0.8002077341079712, 443, 347, 510, 509
270, 0.716808021068573, 766, 343, 818, 458
270, 0.8179515600204468, 439, 347, 509, 508
271, 0.7150137424468994, 762, 343, 818, 455
271, 0.8208249807357788, 438, 347, 508, 512
272, 0.6405195593833923, 757, 349, 814, 454
272, 0.8189661502838135, 425, 349, 515, 512
273, 0.6559352278709412, 751, 351, 809, 454
273, 0.8062615990638733, 424, 349, 514, 512
274, 0.5851737856864929, 748, 350, 808, 454
274, 0.8012077808380127, 423, 350, 513, 512
275, 0.6276033520698547, 745, 347, 807, 455
275, 0.8051273822784424, 417, 349, 510, 512
276, 0.5779141187667847, 743, 348, 800, 459
276, 0.8213340640068054, 414, 349, 514, 512
277, 0.5024521350860596, 745, 348, 799, 457
277, 0.7779161930084229, 414, 349, 512, 514
278, 0.5082195401191711, 214, 384, 241, 420
278, 0.6712236404418945, 728, 342, 791, 470
278, 0.7132103443145752, 416, 347, 502, 518
279, 0.5207719206809998, 213, 384, 240, 420
279, 0.7558577060699463, 417, 348, 472, 510
279, 0.6027814149856567, 713, 338, 788, 527
280, 0.7084933519363403, 417, 345, 468, 507
280, 0.7134577035903931, 715, 338, 788, 524
281, 0.7611015439033508, 415, 342, 467, 508
281, 0.7730901837348938, 712, 339, 787, 521
282, 0.724661111831665, 415, 345, 469, 509
282, 0.7947518229484558, 710, 343, 785, 521
283, 0.7556338906288147, 410, 342, 466, 510
283, 0.8281717896461487, 703, 345, 782, 520
284, 0.7601780295372009, 403, 341, 460, 510
284, 0.840742290019989, 699, 343, 781, 519
285, 0.7224454283714294, 399, 338, 457, 508
285, 0.8099982142448425, 701, 344, 782, 518
286, 0.759108304977417, 398, 332, 455, 516
286, 0.8056461811065674, 695, 346, 778, 517
287, 0.5103411674499512, 213, 385, 241, 421
287, 0.736510157585144, 392, 334, 450, 505
287, 0.823470950126648, 689, 347, 779, 519
288, 0.7687561511993408, 386, 328, 445, 514
288, 0.8165065050125122, 686, 345, 775, 520
289, 0.5025213956832886, 213, 385, 241, 421
289, 0.7867592573165894, 381, 331, 445, 516
289, 0.8118329048156738, 686, 342, 766, 520
290, 0.7925476431846619, 379, 333, 444, 514
290, 0.7486516833305359, 695, 337, 758, 521
291, 0.7692832946777344, 375, 337, 443, 515
291, 0.7542941570281982, 695, 333, 756, 522
292, 0.7544445991516113, 374, 337, 441, 517
292, 0.7625588774681091, 694, 334, 752, 521
293, 0.7327930331230164, 364, 331, 430, 517
293, 0.7217296957969666, 696, 338, 751, 519
294, 0.7376089096069336, 363, 334, 431, 518
294, 0.7382112145423889, 695, 340, 750, 518
295, 0.8049110174179077, 354, 345, 441, 512
295, 0.6965137124061584, 688, 341, 758, 520
296, 0.8195841312408447, 351, 347, 440, 514
296, 0.5987250208854675, 693, 333, 749, 517
297, 0.8078147768974304, 348, 344, 437, 513
297, 0.6704508662223816, 683, 344, 735, 512
298, 0.7987310290336609, 348, 342, 440, 513
298, 0.7286105751991272, 683, 344, 735, 511
299, 0.784738302230835, 344, 343, 438, 513
299, 0.7707132697105408, 681, 342, 732, 513
300, 0.7707049250602722, 344, 346, 440, 516
300, 0.7733989953994751, 675, 342, 730, 515
301, 0.7803785800933838, 345, 347, 435, 518
301, 0.7376630306243896, 669, 338, 726, 514
302, 0.7389785051345825, 345, 345, 433, 516
302, 0.7410850524902344, 666, 336, 725, 515
303, 0.7179279923439026, 344, 338, 407, 517
303, 0.7881060838699341, 656, 340, 724, 516
304, 0.7145840525627136, 343, 336, 404, 516
304, 0.8233582973480225, 655, 340, 724, 518
305, 0.7249760627746582, 340, 336, 402, 517
305, 0.8383792638778687, 652, 341, 723, 516
306, 0.7586067318916321, 336, 335, 399, 517
306, 0.8509557247161865, 650, 343, 725, 512
307, 0.7417975068092346, 335, 333, 392, 519
307, 0.8517307639122009, 649, 344, 727, 513
308, 0.7687063813209534, 335, 330, 389, 518
308, 0.8637962341308594, 643, 345, 727, 512
309, 0.7306223511695862, 334, 323, 388, 521
309, 0.8713992834091187, 639, 346, 728, 511
310, 0.7093873620033264, 327, 342, 377, 511
310, 0.8582276105880737, 637, 344, 725, 512
311, 0.7869207859039307, 328, 342, 374, 522
311, 0.8475348949432373, 635, 344, 725, 512
312, 0.8037580847740173, 319, 339, 374, 523
312, 0.8259233236312866, 631, 341, 725, 513
313, 0.7797759175300598, 311, 337, 371, 523
313, 0.812808632850647, 632, 346, 723, 513
314, 0.7790691256523132, 311, 331, 368, 527
314, 0.8062839508056641, 628, 348, 727, 512
315, 0.7951666712760925, 308, 331, 367, 528
315, 0.799927294254303, 620, 345, 714, 512
316, 0.7644148468971252, 299, 343, 372, 518
316, 0.8013494610786438, 623, 345, 711, 510
317, 0.5086043477058411, 212, 383, 241, 418
317, 0.8077712059020996, 295, 345, 371, 519
317, 0.8113335371017456, 620, 344, 710, 512
318, 0.7752679586410522, 290, 349, 374, 516
318, 0.815557599067688, 619, 346, 704, 512
319, 0.8272409439086914, 282, 343, 370, 516
319, 0.8123149871826172, 620, 347, 697, 514
320, 0.8308277130126953, 279, 343, 365, 516
320, 0.8055840730667114, 618, 345, 692, 516
321, 0.8064430356025696, 276, 341, 363, 517
321, 0.7673007845878601, 613, 343, 689, 514
322, 0.8002352118492126, 275, 344, 361, 517
322, 0.7286610007286072, 611, 343, 687, 513
323, 0.7855237126350403, 273, 346, 363, 516
323, 0.7569614052772522, 605, 343, 683, 512
324, 0.5081485509872437, 211, 385, 242, 419
324, 0.7433802485466003, 268, 349, 354, 515
324, 0.70908123254776, 603, 343, 680, 511
325, 0.5424373745918274, 211, 385, 242, 420
325, 0.7213759422302246, 266, 351, 352, 515
325, 0.7292615175247192, 601, 340, 672, 513
326, 0.502006471157074, 211, 385, 243, 419
326, 0.7614805698394775, 265, 347, 353, 513
326, 0.6947517991065979, 605, 339, 664, 512
327, 0.741730272769928, 261, 344, 349, 513
327, 0.6534141898155212, 602, 340, 662, 509
328, 0.7491919994354248, 261, 339, 342, 514
328, 0.6844965219497681, 591, 339, 654, 509
329, 0.7381733059883118, 260, 342, 335, 516
329, 0.670404851436615, 587, 339, 652, 511
330, 0.7336693406105042, 263, 333, 324, 528
330, 0.6494227051734924, 587, 342, 648, 511
331, 0.6933982968330383, 261, 341, 320, 523
331, 0.6536254286766052, 580, 340, 648, 515
332, 0.7179537415504456, 261, 332, 319, 524
332, 0.6967614889144897, 579, 340, 649, 516
333, 0.752227246761322, 256, 327, 315, 523
333, 0.7753181457519531, 578, 338, 648, 514
334, 0.7506347894668579, 250, 332, 309, 518
334, 0.7896674871444702, 576, 337, 646, 514
335, 0.6875174641609192, 246, 334, 304, 519
335, 0.7879564762115479, 569, 336, 644, 516
336, 0.6218341588973999, 244, 337, 301, 519
336, 0.8137587308883667, 557, 338, 642, 515
337, 0.651573657989502, 233, 344, 298, 514
337, 0.8467941284179688, 554, 341, 643, 512
338, 0.6976761221885681, 232, 342, 294, 518
338, 0.8511362075805664, 552, 341, 642, 511
339, 0.7157255411148071, 225, 338, 297, 516
339, 0.8600319027900696, 551, 344, 642, 510
340, 0.7399981617927551, 221, 339, 293, 514
340, 0.8597589731216431, 549, 344, 642, 511
341, 0.713977038860321, 219, 341, 295, 512
341, 0.858764111995697, 549, 344, 639, 511
342, 0.760536253452301, 218, 342, 294, 512
342, 0.8376992344856262, 546, 343, 638, 511
343, 0.7693966627120972, 212, 342, 291, 515
343, 0.806792676448822, 547, 344, 635, 511
344, 0.7897481322288513, 206, 345, 290, 515
344, 0.8242347836494446, 531, 342, 627, 511
345, 0.7884522676467896, 205, 347, 288, 516
345, 0.8103559613227844, 532, 344, 624, 513
346, 0.8049715161323547, 201, 348, 285, 516
346, 0.8034328818321228, 532, 344, 623, 512
347, 0.816632866859436, 199, 345, 285, 515
347, 0.7792608737945557, 533, 344, 618, 514
348, 0.8227372765541077, 198, 345, 280, 517
348, 0.7843824028968811, 533, 342, 618, 514
349, 0.8263953328132629, 196, 345, 278, 517
349, 0.7533285617828369, 531, 340, 611, 515
350, 0.8248755931854248, 195, 344, 274, 517
350, 0.762874960899353, 531, 337, 604, 516
351, 0.8180177211761475, 195, 343, 272, 518
351, 0.756482720375061, 527, 338, 599, 517
352, 0.7406923174858093, 193, 342, 267, 517
352, 0.7526652216911316, 523, 338, 594, 517
353, 0.7037566900253296, 191, 341, 266, 516
353, 0.7573838829994202, 523, 337, 594, 518
354, 0.6473187208175659, 180, 342, 259, 511
354, 0.7683470249176025, 520, 338, 593, 518
355, 0.7144821286201477, 179, 339, 256, 512
355, 0.7664840817451477, 516, 340, 591, 518
356, 0.6934290528297424, 175, 342, 255, 510
356, 0.7339422106742859, 513, 341, 586, 518
357, 0.7532503604888916, 176, 343, 236, 515
357, 0.7152508497238159, 514, 339, 578, 516
358, 0.7399123907089233, 176, 339, 232, 519
358, 0.7516610622406006, 509, 339, 580, 518
359, 0.7046803832054138, 175, 339, 230, 516
359, 0.7660620808601379, 495, 339, 570, 518
360, 0.6875357031822205, 174, 339, 228, 515
360, 0.8011581301689148, 491, 340, 570, 513
361, 0.6517187356948853, 171, 340, 227, 517
361, 0.8248675465583801, 488, 339, 569, 513
362, 0.6496269702911377, 167, 332, 220, 521
362, 0.8306460380554199, 486, 341, 566, 514
363, 0.6344256401062012, 163, 335, 217, 519
363, 0.8333722352981567, 483, 339, 562, 514
364, 0.5840886831283569, 162, 334, 219, 519
364, 0.8023553490638733, 475, 341, 562, 514
365, 0.649775505065918, 157, 338, 217, 516
365, 0.813772976398468, 469, 340, 563, 514
366, 0.5449999570846558, 157, 346, 215, 511
366, 0.8277207612991333, 473, 343, 566, 512
367, 0.6205126047134399, 133, 346, 215, 510
367, 0.8339009881019592, 465, 347, 562, 511
368, 0.7318544983863831, 132, 344, 213, 511
368, 0.8450087308883667, 460, 346, 560, 511
369, 0.7822384238243103, 128, 344, 211, 511
369, 0.8614906668663025, 459, 347, 559, 511
370, 0.7804992198944092, 123, 344, 207, 512
370, 0.8562315702438354, 456, 347, 557, 512
371, 0.7929262518882751, 119, 342, 206, 512
371, 0.8449814319610596, 456, 349, 557, 511
372, 0.802157461643219, 116, 344, 206, 511
372, 0.8297351002693176, 456, 350, 556, 511
373, 0.8190643787384033, 117, 343, 206, 513
373, 0.8298875093460083, 456, 346, 554, 512
374, 0.8342462778091431, 117, 343, 207, 514
374, 0.7461229562759399, 445, 348, 533, 514
375, 0.8232898116111755, 119, 347, 198, 517
375, 0.7756743431091309, 447, 347, 531, 515
376, 0.8312872648239136, 116, 343, 196, 518
376, 0.7533022165298462, 447, 344, 523, 517
377, 0.8097517490386963, 115, 341, 192, 518
377, 0.7189464569091797, 449, 346, 509, 514
378, 0.8284769654273987, 111, 342, 187, 518
378, 0.7471018433570862, 450, 348, 509, 511
379, 0.7106652855873108, 110, 339, 179, 519
379, 0.7710044384002686, 450, 348, 505, 510
380, 0.6994626522064209, 109, 338, 173, 519
380, 0.7824915647506714, 449, 343, 501, 515
381, 0.5573263764381409, 113, 340, 167, 514
381, 0.7455258965492249, 443, 338, 498, 516
382, 0.6065171360969543, 104, 337, 156, 516
382, 0.7539490461349487, 439, 339, 496, 513
383, 0.6810287833213806, 104, 336, 154, 518
383, 0.7540080547332764, 425, 343, 501, 513
384, 0.6836024522781372, 99, 335, 149, 518
384, 0.7457184195518494, 427, 340, 490, 513
385, 0.6659697890281677, 94, 336, 147, 520
385, 0.768877387046814, 420, 338, 488, 510
386, 0.6692061424255371, 88, 337, 144, 518
386, 0.7471911907196045, 419, 341, 487, 511
387, 0.6711335182189941, 83, 339, 142, 520
387, 0.7103831768035889, 419, 337, 486, 516
388, 0.6833546161651611, 78, 345, 135, 519
388, 0.7463380694389343, 399, 343, 488, 510
389, 0.6474970579147339, 80, 345, 136, 516
389, 0.8175328969955444, 396, 344, 489, 509
390, 0.6910597681999207, 77, 340, 136, 518
390, 0.8052496314048767, 397, 347, 488, 512
391, 0.731716513633728, 72, 340, 142, 516
391, 0.8494396805763245, 394, 348, 485, 512
392, 0.697309136390686, 67, 344, 141, 517
392, 0.8597978353500366, 389, 349, 482, 512
393, 0.7727480530738831, 60, 341, 139, 517
393, 0.8633926510810852, 385, 349, 478, 513
394, 0.7900747656822205, 55, 338, 139, 517
394, 0.8605369329452515, 381, 345, 477, 511
395, 0.781603217124939, 53, 340, 136, 519
395, 0.8477311730384827, 376, 345, 476, 509
396, 0.7636010050773621, 48, 344, 138, 519
396, 0.8645617365837097, 375, 345, 479, 508
397, 0.6759288311004639, 50, 346, 136, 518
397, 0.8534083962440491, 368, 345, 475, 511
398, 0.6926809549331665, 37, 345, 127, 515
398, 0.8571646213531494, 369, 347, 481, 513
399, 0.6672056317329407, 39, 341, 127, 516
399, 0.8644293546676636, 365, 343, 479, 512
400, 0.678753674030304, 36, 339, 124, 516
400, 0.8506363034248352, 367, 344, 470, 512
401, 0.7194917798042297, 36, 338, 117, 517
401, 0.8103915452957153, 368, 346, 469, 511
402, 0.6227735877037048, 41, 344, 105, 521
402, 0.7627019286155701, 367, 346, 466, 508
403, 0.6345236897468567, 41, 339, 101, 520
403, 0.6716656684875488, 364, 340, 427, 509
404, 0.6802718043327332, 39, 340, 96, 522
404, 0.5849263072013855, 365, 344, 424, 505
405, 0.6634680032730103, 38, 340, 93, 523
405, 0.5776587724685669, 365, 342, 424, 509
406, 0.6041457653045654, 36, 335, 94, 521
406, 0.6087087392807007, 358, 343, 439, 511
407, 0.5373680591583252, 35, 334, 93, 519
407, 0.6717256903648376, 356, 339, 437, 509
408, 0.6473320126533508, 23, 337, 95, 518
408, 0.7508490085601807, 360, 340, 419, 507
409, 0.6278895139694214, 20, 339, 92, 518
409, 0.7792847752571106, 358, 336, 418, 508
410, 0.6299349665641785, 16, 341, 90, 519
410, 0.7926456332206726, 356, 334, 412, 510
411, 0.6755818128585815, 12, 342, 90, 519
411, 0.8187587261199951, 354, 334, 410, 507
412, 0.6226186156272888, 12, 338, 87, 519
412, 0.781655490398407, 351, 336, 407, 510
413, 0.6883700489997864, 6, 334, 76, 522
413, 0.7431499361991882, 342, 339, 412, 521
414, 0.706977128982544, 5, 332, 73, 520
414, 0.721582293510437, 341, 341, 411, 521
415, 0.7394155859947205, 6, 332, 72, 522
415, 0.6853467226028442, 346, 340, 404, 517
416, 0.8155139088630676, 4, 336, 75, 522
416, 0.6990727186203003, 328, 341, 406, 516
417, 0.7562170624732971, 5, 335, 74, 522
417, 0.6851286292076111, 324, 343, 409, 516
418, 0.6465649604797363, 2, 336, 72, 522
418, 0.8312990069389343, 315, 343, 399, 515
419, 0.5870464444160461, 0, 345, 57, 523
419, 0.8607921004295349, 315, 342, 398, 515
420, 0.5797104835510254, 0, 351, 51, 518
420, 0.8434422016143799, 310, 342, 401, 513
421, 0.5835567712783813, 0, 354, 51, 511
421, 0.8401880264282227, 310, 343, 400, 514
422, 0.5716148614883423, 0, 352, 49, 510
422, 0.8234297037124634, 307, 345, 398, 516
423, 0.584176242351532, 0, 348, 49, 512
423, 0.8221707344055176, 305, 346, 398, 514
424, 0.5473138689994812, 0, 343, 52, 513
424, 0.8148995637893677, 304, 347, 397, 513
425, 0.5125892162322998, 0, 343, 45, 513
425, 0.8148975372314453, 302, 347, 392, 514
426, 0.52720707654953, 0, 345, 40, 514
426, 0.7836496829986572, 302, 347, 392, 515
427, 0.5275800228118896, 0, 348, 33, 512
427, 0.7615389227867126, 300, 349, 390, 513
428, 0.7713797688484192, 299, 349, 390, 513
429, 0.7527175545692444, 301, 345, 384, 516
430, 0.7448615431785583, 298, 346, 379, 516
431, 0.724321186542511, 296, 348, 373, 519
432, 0.6781905293464661, 304, 345, 363, 517
433, 0.6837156414985657, 303, 345, 361, 516
434, 0.6916124820709229, 301, 345, 356, 517
435, 0.6823683381080627, 296, 341, 352, 520
436, 0.6344959735870361, 293, 338, 351, 519
437, 0.7506185173988342, 283, 338, 339, 518
438, 0.7367385625839233, 278, 335, 336, 518
439, 0.6804488897323608, 273, 341, 332, 517
440, 0.7140359282493591, 270, 336, 332, 521
441, 0.7601226568222046, 261, 341, 332, 514
442, 0.7906383275985718, 257, 342, 331, 513
443, 0.7825430631637573, 247, 343, 328, 512
444, 0.7891969084739685, 239, 340, 329, 511
445, 0.8045710921287537, 235, 339, 330, 511
446, 0.8199475407600403, 236, 341, 330, 511
447, 0.8188261985778809, 233, 339, 331, 511
448, 0.8127981424331665, 230, 339, 328, 512
449, 0.8147589564323425, 229, 340, 329, 511
450, 0.814712405204773, 227, 342, 328, 512
451, 0.8165876865386963, 224, 342, 328, 512
452, 0.8278741240501404, 221, 342, 328, 511
453, 0.7837552428245544, 224, 346, 326, 510
454, 0.7900997400283813, 219, 341, 314, 515
455, 0.7824855446815491, 220, 341, 312, 514
456, 0.7628985047340393, 219, 344, 308, 512
457, 0.7440264821052551, 216, 345, 304, 510
458, 0.7463566064834595, 214, 346, 302, 511
459, 0.7489581108093262, 216, 344, 297, 512
460, 0.7640632390975952, 216, 344, 290, 517
461, 0.7175256013870239, 219, 345, 277, 523
462, 0.7113008499145508, 220, 345, 272, 516
463, 0.7108886241912842, 218, 343, 270, 516
464, 0.6591849327087402, 213, 346, 265, 515
465, 0.6607632637023926, 210, 347, 260, 510
466, 0.6013177633285522, 204, 341, 257, 511
467, 0.571497917175293, 203, 335, 255, 517
468, 0.6898099184036255, 182, 342, 257, 516
469, 0.7087370753288269, 182, 341, 256, 517
470, 0.7494522929191589, 183, 340, 256, 515
471, 0.7929461598396301, 178, 343, 255, 512
472, 0.7991124987602234, 170, 342, 250, 512
473, 0.8019590973854065, 166, 341, 246, 514
474, 0.7940451502799988, 163, 343, 244, 514
475, 0.7988328337669373, 162, 343, 243, 514
476, 0.8113577961921692, 157, 345, 242, 514
477, 0.8202702403068542, 154, 344, 242, 515
478, 0.832714855670929, 152, 342, 242, 513
479, 0.8369908928871155, 150, 343, 241, 512
480, 0.8378873467445374, 146, 342, 239, 512
481, 0.8477871417999268, 146, 345, 235, 512
482, 0.8616649508476257, 145, 344, 231, 513
483, 0.8664355874061584, 145, 343, 229, 514
484, 0.8451972603797913, 146, 343, 225, 515
485, 0.7449725866317749, 144, 341, 221, 515
486, 0.676710844039917, 136, 344, 216, 510
487, 0.6158794164657593, 142, 345, 208, 507
488, 0.660115122795105, 140, 342, 205, 514
489, 0.684016227722168, 140, 347, 196, 512
490, 0.7019015550613403, 138, 344, 192, 515
491, 0.7030516266822815, 134, 337, 188, 518
492, 0.648247241973877, 131, 339, 184, 515
493, 0.695245087146759, 127, 342, 183, 516
494, 0.6576132774353027, 127, 344, 182, 515
495, 0.6521877646446228, 126, 340, 183, 516
496, 0.64641934633255, 123, 337, 183, 512
497, 0.6888460516929626, 121, 334, 182, 515
498, 0.6396963000297546, 106, 341, 183, 509
499, 0.6862837076187134, 101, 344, 183, 509
500, 0.7571706771850586, 86, 345, 176, 513
501, 0.813256025314331, 84, 345, 173, 510
502, 0.8168071508407593, 83, 346, 172, 509
503, 0.7888348698616028, 82, 346, 171, 508
504, 0.801253080368042, 84, 346, 169, 509
505, 0.7767190933227539, 83, 348, 168, 508
506, 0.7714623212814331, 80, 346, 170, 509
507, 0.7746883630752563, 76, 345, 168, 508
508, 0.8020164966583252, 76, 341, 166, 510
509, 0.8126736879348755, 72, 342, 161, 510
510, 0.8161357641220093, 75, 342, 158, 510
511, 0.7900654673576355, 74, 342, 155, 511
512, 0.7817319631576538, 73, 345, 153, 511
513, 0.769607424736023, 70, 346, 153, 510
514, 0.6719702482223511, 75, 344, 143, 515
515, 0.6419130563735962, 65, 344, 142, 510
516, 0.6151718497276306, 68, 341, 127, 516
517, 0.6011354923248291, 67, 338, 124, 518
518, 0.6333841681480408, 58, 337, 116, 515
519, 0.6913069486618042, 60, 335, 114, 515
520, 0.665394127368927, 56, 332, 111, 516
521, 0.6181575059890747, 53, 331, 108, 519
522, 0.638087809085846, 47, 338, 105, 516
523, 0.6459362506866455, 42, 340, 101, 518
524, 0.6607465147972107, 41, 337, 100, 518
525, 0.6670670509338379, 37, 338, 99, 522
526, 0.7315379977226257, 22, 345, 102, 513
527, 0.7814201712608337, 17, 344, 105, 512
528, 0.798438310623169, 13, 342, 104, 513
529, 0.8005573153495789, 10, 344, 104, 512
530, 0.8092520236968994, 8, 343, 102, 513
531, 0.823948085308075, 7, 345, 101, 514
532, 0.8328565955162048, 8, 345, 98, 513
533, 0.825120747089386, 7, 347, 95, 515
534, 0.78853839635849, 6, 349, 96, 512
535, 0.76827472448349, 2, 346, 97, 512
536, 0.7083107829093933, 0, 349, 98, 512
537, 0.6409883499145508, 4, 337, 77, 518
538, 0.6945517659187317, 3, 338, 78, 517
539, 0.6454693078994751, 4, 338, 75, 516
540, 0.6511580944061279, 0, 338, 67, 522
541, 0.7023996710777283, 2, 340, 58, 525
542, 0.7192296385765076, 3, 342, 55, 522
543, 0.6794654726982117, 0, 344, 52, 517
544, 0.6184574365615845, 0, 348, 41, 514
545, 0.5997708439826965, 0, 347, 37, 514
546, 0.5929926633834839, 0, 342, 31, 514
547, 0.5838066935539246, 0, 342, 32, 511
548, 0.5934178829193115, 0, 341, 30, 511
549, 0.5847864747047424, 0, 340, 31, 510
550, 0.5793794989585876, 0, 336, 33, 512
551, 0.5006152391433716, 0, 344, 31, 510
552, 0.5486164093017578, 0, 354, 30, 511
553, 0.5445125699043274, 0, 357, 30, 509
554, 0.5640721917152405, 0, 356, 29, 511
555, 0.5134215354919434, 0, 355, 28, 512
623, 0.5452456474304199, 808, 310, 851, 493
624, 0.5379087328910828, 803, 311, 850, 492
626, 0.5017299056053162, 213, 384, 241, 418
626, 0.5417124629020691, 800, 301, 851, 510
627, 0.50310879945755, 213, 384, 242, 417
627, 0.5910741686820984, 799, 302, 851, 511
628, 0.5795226693153381, 799, 312, 851, 491
629, 0.5879024863243103, 794, 303, 851, 510
630, 0.517209529876709, 791, 304, 851, 510
631, 0.5473179817199707, 788, 305, 851, 507
632, 0.6023072600364685, 787, 308, 851, 505
633, 0.503895103931427, 213, 384, 241, 418
633, 0.617603600025177, 787, 306, 851, 506
634, 0.528139054775238, 213, 384, 241, 418
634, 0.610528290271759, 784, 303, 850, 509
635, 0.525040328502655, 213, 385, 241, 417
635, 0.5935831069946289, 782, 301, 850, 509
636, 0.5343074202537537, 213, 384, 241, 418
636, 0.564171552658081, 779, 302, 849, 507
637, 0.5316025018692017, 213, 384, 241, 418
637, 0.6231598854064941, 775, 300, 847, 508
638, 0.5362533330917358, 213, 385, 241, 418
638, 0.6475436091423035, 773, 300, 847, 504
639, 0.5351829528808594, 213, 385, 241, 418
639, 0.6796064376831055, 755, 298, 848, 506
640, 0.5543069839477539, 213, 385, 241, 419
640, 0.664165198802948, 754, 301, 847, 500
641, 0.5310035943984985, 213, 385, 241, 419
641, 0.6528965830802917, 750, 300, 847, 504
642, 0.5377140045166016, 212, 385, 242, 419
642, 0.7222335338592529, 755, 303, 844, 497
643, 0.53521329164505, 212, 385, 241, 419
643, 0.7341318726539612, 755, 303, 841, 493
644, 0.5535300374031067, 213, 385, 241, 419
644, 0.7574061751365662, 756, 301, 837, 495
645, 0.536357581615448, 213, 385, 241, 419
645, 0.7857699394226074, 753, 301, 836, 491
646, 0.5441935658454895, 213, 385, 241, 419
646, 0.7571631669998169, 750, 303, 831, 487
647, 0.5284014344215393, 213, 385, 241, 419
647, 0.7242000102996826, 747, 304, 826, 488
648, 0.5340986251831055, 213, 385, 241, 419
648, 0.6758242845535278, 744, 304, 823, 495
649, 0.5319898128509521, 213, 385, 241, 420
649, 0.6891539096832275, 745, 303, 821, 494
650, 0.5085312128067017, 213, 385, 241, 419
650, 0.748410701751709, 740, 300, 819, 493
651, 0.7515788078308105, 731, 303, 816, 496
652, 0.5105161666870117, 213, 385, 241, 420
652, 0.7600402235984802, 726, 302, 813, 505
653, 0.50565505027771, 213, 385, 241, 420
653, 0.7089759111404419, 724, 301, 810, 511
654, 0.672393262386322, 716, 304, 813, 553
655, 0.7226383090019226, 709, 305, 801, 552
656, 0.7073503732681274, 709, 305, 793, 554
657, 0.7221890687942505, 706, 305, 795, 562
658, 0.7326974868774414, 700, 306, 795, 574
659, 0.7733596563339233, 691, 313, 792, 633
660, 0.8052425980567932, 686, 314, 791, 634
661, 0.8036060929298401, 685, 311, 790, 630
662, 0.8135018944740295, 685, 307, 785, 629
663, 0.8261743187904358, 684, 307, 785, 629
664, 0.8287297487258911, 682, 305, 781, 631
665, 0.8302484154701233, 680, 309, 777, 634
666, 0.8234989047050476, 678, 311, 778, 637
667, 0.8175259232521057, 673, 307, 778, 643
668, 0.8329368233680725, 660, 305, 768, 647
669, 0.827892541885376, 655, 303, 770, 649
670, 0.841278076171875, 648, 305, 775, 649
671, 0.8391894698143005, 647, 306, 775, 647
672, 0.8266065716743469, 645, 310, 770, 648
673, 0.8251937031745911, 647, 307, 766, 651
674, 0.8264133334159851, 647, 312, 766, 648
675, 0.8321316838264465, 647, 311, 760, 648
676, 0.8398824334144592, 645, 304, 755, 653
677, 0.8427443504333496, 647, 308, 753, 649
678, 0.8434452414512634, 646, 308, 753, 649
679, 0.8489149808883667, 646, 306, 752, 649
680, 0.8508880138397217, 647, 306, 750, 650
681, 0.8382788300514221, 646, 304, 750, 650
682, 0.8458863496780396, 651, 302, 747, 651
683, 0.8570225834846497, 649, 292, 745, 656
684, 0.8594527244567871, 645, 288, 746, 658
685, 0.8650302290916443, 644, 285, 744, 660
686, 0.8591629266738892, 642, 280, 743, 664
687, 0.8578047156333923, 639, 284, 742, 659
688, 0.8593221306800842, 636, 285, 741, 661
689, 0.5076131224632263, 227, 355, 244, 395
689, 0.8566516041755676, 634, 285, 740, 658
690, 0.5218732357025146, 226, 355, 243, 395
690, 0.8544240593910217, 631, 284, 736, 657
691, 0.5439750552177429, 225, 355, 243, 395
691, 0.8577694892883301, 626, 287, 734, 656
692, 0.5256664752960205, 225, 356, 243, 395
692, 0.8552202582359314, 624, 291, 732, 658
693, 0.5692395567893982, 224, 355, 242, 396
693, 0.840843677520752, 611, 292, 726, 655
694, 0.57378089427948, 224, 354, 241, 397
694, 0.8343801498413086, 610, 292, 724, 652
695, 0.5480583310127258, 225, 354, 242, 397
695, 0.838472843170166, 610, 288, 721, 656
696, 0.8521910905838013, 610, 291, 714, 661
697, 0.8602515459060669, 607, 290, 708, 659
698, 0.8619322180747986, 599, 293, 707, 660
699, 0.864638090133667, 600, 293, 704, 663
700, 0.8680469393730164, 595, 295, 701, 660
701, 0.8682342767715454, 593, 293, 699, 661
702, 0.8651911020278931, 591, 295, 700, 659
703, 0.869007408618927, 590, 293, 700, 657
704, 0.8586587309837341, 587, 293, 703, 655
705, 0.8520055413246155, 582, 292, 702, 654
706, 0.8497889041900635, 576, 294, 700, 655
707, 0.8383021950721741, 569, 297, 698, 654
708, 0.8578265905380249, 555, 309, 693, 645
709, 0.8524580597877502, 554, 310, 692, 647
710, 0.8400037288665771, 553, 312, 691, 646
711, 0.8489314317703247, 554, 310, 691, 652
712, 0.848472535610199, 554, 309, 691, 655
713, 0.8649072647094727, 553, 309, 693, 656
714, 0.8447471261024475, 552, 308, 694, 658
715, 0.8352335691452026, 550, 310, 695, 656
716, 0.8270199298858643, 551, 310, 709, 640
717, 0.8245607614517212, 548, 314, 696, 652
718, 0.8360669016838074, 546, 314, 697, 652
719, 0.83595210313797, 545, 314, 696, 649
720, 0.8424498438835144, 544, 316, 696, 646
721, 0.8530294299125671, 543, 315, 697, 647
722, 0.8484790921211243, 539, 315, 691, 650
723, 0.8550820350646973, 536, 315, 688, 652
724, 0.865996241569519, 535, 314, 677, 655
725, 0.873676061630249, 533, 310, 669, 657
726, 0.8683455586433411, 527, 310, 666, 656
727, 0.8615283370018005, 524, 309, 658, 656
728, 0.8704540729522705, 523, 306, 654, 659
729, 0.8666333556175232, 521, 303, 651, 658
730, 0.877896785736084, 517, 305, 627, 662
731, 0.8814168572425842, 517, 307, 616, 658
732, 0.8744279146194458, 508, 307, 611, 656
733, 0.8630906939506531, 502, 311, 600, 646
734, 0.8526276350021362, 495, 313, 597, 652
735, 0.8643439412117004, 494, 311, 596, 656
736, 0.8514748811721802, 489, 312, 598, 657
737, 0.8307647705078125, 473, 321, 594, 646
738, 0.8603885173797607, 470, 321, 595, 653
739, 0.8696271777153015, 467, 321, 594, 656
740, 0.8667781949043274, 456, 321, 595, 656
741, 0.8586444854736328, 451, 319, 596, 659
742, 0.8683391213417053, 440, 312, 597, 664
743, 0.8709737062454224, 434, 314, 598, 663
744, 0.8791508078575134, 425, 317, 600, 659
745, 0.8879185914993286, 422, 316, 601, 659
746, 0.8894034028053284, 420, 319, 603, 657
747, 0.8746150732040405, 418, 316, 606, 660
748, 0.8714101910591125, 417, 315, 603, 660
749, 0.8590935468673706, 423, 317, 606, 658
750, 0.8713726997375488, 424, 318, 606, 659
751, 0.865210235118866, 427, 321, 603, 655
752, 0.8625102639198303, 430, 320, 598, 656
753, 0.8398460745811462, 427, 320, 593, 655
754, 0.8251558542251587, 424, 318, 586, 656
755, 0.851345956325531, 422, 314, 575, 661
756, 0.838145911693573, 421, 321, 574, 653
757, 0.7755027413368225, 416, 318, 552, 658
758, 0.8111163377761841, 414, 314, 546, 663
759, 0.8311739563941956, 413, 312, 530, 666
760, 0.8596729636192322, 405, 307, 520, 671
761, 0.8625763654708862, 396, 310, 513, 667
762, 0.8633102774620056, 380, 311, 510, 665
763, 0.872691810131073, 378, 310, 506, 664
764, 0.8601242899894714, 371, 304, 498, 671
765, 0.8615039587020874, 363, 305, 485, 671
766, 0.8701499700546265, 348, 302, 481, 676
767, 0.8517263531684875, 339, 303, 479, 674
768, 0.8086286783218384, 338, 306, 476, 670
769, 0.823469340801239, 329, 317, 471, 656
770, 0.8323583602905273, 319, 318, 477, 657
771, 0.8328118920326233, 317, 321, 473, 656
772, 0.8144051432609558, 315, 321, 466, 656
773, 0.80033278465271, 313, 322, 465, 656
774, 0.8210318088531494, 310, 322, 470, 655
775, 0.7998592853546143, 303, 322, 476, 655
776, 0.8212521076202393, 298, 323, 474, 669
777, 0.8445832133293152, 292, 328, 477, 665
778, 0.8549233078956604, 289, 328, 475, 667
779, 0.8522294163703918, 284, 322, 470, 672
780, 0.8618494868278503, 280, 319, 470, 677
781, 0.8717369437217712, 277, 314, 471, 682
782, 0.8882981538772583, 275, 316, 470, 682
783, 0.8927085399627686, 275, 318, 469, 682
784, 0.8959949016571045, 281, 321, 466, 679
785, 0.8870011568069458, 280, 328, 461, 672
786, 0.8709048628807068, 279, 335, 453, 673
787, 0.8617997765541077, 282, 341, 443, 672
788, 0.8081704378128052, 285, 344, 438, 666
789, 0.8043674826622009, 280, 330, 409, 683
790, 0.8484424352645874, 276, 329, 401, 679
791, 0.8648080825805664, 274, 324, 392, 679
792, 0.866184651851654, 275, 326, 380, 675
793, 0.8542769551277161, 271, 328, 374, 670
794, 0.8769509792327881, 262, 334, 359, 669
795, 0.8055576682090759, 242, 334, 356, 666
796, 0.80476313829422, 239, 339, 350, 665
797, 0.8116462826728821, 233, 335, 350, 671
798, 0.823125422000885, 222, 333, 350, 671
799, 0.8375027179718018, 209, 334, 353, 671
800, 0.8186421990394592, 195, 334, 358, 667
801, 0.8222478032112122, 186, 335, 362, 664
802, 0.8237628936767578, 181, 336, 346, 666
803, 0.8112608194351196, 174, 339, 347, 661
804, 0.8196969628334045, 171, 340, 348, 659
805, 0.830756425857544, 165, 339, 348, 661
806, 0.8405581116676331, 162, 339, 349, 663
807, 0.8478427529335022, 158, 341, 340, 661
808, 0.8497080206871033, 159, 341, 343, 663
809, 0.8577320575714111, 160, 341, 343, 666
810, 0.5299786925315857, 151, 359, 165, 394
810, 0.8577777743339539, 158, 341, 341, 666
811, 0.5475449562072754, 150, 360, 164, 394
811, 0.8493944406509399, 157, 337, 344, 667
812, 0.5811479091644287, 147, 359, 163, 395
812, 0.8481309413909912, 157, 340, 338, 667
813, 0.5248867273330688, 147, 361, 162, 393
813, 0.8463546633720398, 158, 339, 332, 669
814, 0.8568445444107056, 162, 336, 324, 666
815, 0.839813768863678, 169, 337, 311, 664
816, 0.8284316062927246, 168, 334, 305, 667
817, 0.8072549700737, 168, 333, 303, 668
818, 0.7916629910469055, 169, 340, 297, 660
819, 0.7647192478179932, 171, 347, 291, 652
820, 0.7898792028427124, 165, 328, 263, 674
821, 0.793515145778656, 162, 327, 255, 674
822, 0.8102284073829651, 155, 328, 250, 675
823, 0.8066929578781128, 147, 329, 247, 674
824, 0.8110992312431335, 141, 328, 242, 673
825, 0.8141013979911804, 138, 326, 241, 672
826, 0.8089491128921509, 133, 326, 239, 670
827, 0.7617841958999634, 128, 330, 240, 669
828, 0.804397463798523, 110, 328, 231, 675
829, 0.7987229228019714, 102, 332, 232, 670
830, 0.8250922560691833, 93, 334, 230, 668
831, 0.8335480093955994, 83, 334, 231, 665
832, 0.8472413420677185, 75, 336, 232, 664
833, 0.8497154712677002, 71, 335, 233, 663
834, 0.8520201444625854, 70, 337, 232, 663
835, 0.8551250100135803, 72, 338, 231, 661
836, 0.8545278310775757, 70, 335, 231, 662
837, 0.8399713635444641, 69, 334, 231, 662
838, 0.8402917385101318, 67, 335, 233, 660
839, 0.8343636393547058, 69, 334, 231, 661
840, 0.8360227942466736, 68, 335, 230, 662
841, 0.8323984146118164, 69, 334, 230, 663
842, 0.8205724358558655, 71, 334, 224, 662
843, 0.8133042454719543, 71, 341, 219, 659
844, 0.7921470403671265, 68, 338, 219, 661
845, 0.789516270160675, 66, 334, 217, 665
846, 0.7822067737579346, 65, 336, 214, 662
847, 0.7754426002502441, 59, 334, 194, 666
848, 0.8106054067611694, 50, 334, 191, 670
849, 0.8121893405914307, 44, 341, 186, 665
850, 0.8236972093582153, 41, 339, 173, 666
851, 0.8248261213302612, 39, 330, 159, 672
852, 0.8146135807037354, 38, 324, 153, 676
853, 0.7850808501243591, 42, 321, 151, 680
854, 0.7809104323387146, 22, 317, 147, 683
855, 0.7543850541114807, 14, 324, 142, 677
856, 0.753119170665741, 11, 329, 136, 672
857, 0.7775821089744568, 9, 326, 133, 671
858, 0.8020617961883545, 9, 325, 129, 672
859, 0.8089459538459778, 7, 326, 124, 672
860, 0.8189600706100464, 7, 326, 125, 672
861, 0.8241691589355469, 7, 329, 122, 668
862, 0.8087214231491089, 7, 328, 123, 669
863, 0.7930915355682373, 4, 328, 121, 670
864, 0.7981792092323303, 0, 330, 123, 671
865, 0.7862969636917114, 0, 326, 119, 673
866, 0.7902357578277588, 4, 327, 115, 675
867, 0.7967401742935181, 6, 334, 122, 674
868, 0.5234978795051575, 76, 384, 99, 423
868, 0.8066779971122742, 4, 337, 124, 671
869, 0.5821145176887512, 75, 385, 99, 422
869, 0.7824156880378723, 2, 342, 120, 669
870, 0.5174425840377808, 73, 386, 98, 422
870, 0.7648289799690247, 5, 343, 120, 667
871, 0.7572277784347534, 3, 348, 119, 663
872, 0.7335116267204285, 1, 354, 122, 656
873, 0.7216412425041199, 0, 355, 121, 650
874, 0.7146785259246826, 1, 355, 118, 650
875, 0.7190341353416443, 0, 354, 116, 653
876, 0.6716812252998352, 0, 352, 114, 658
877, 0.6021292209625244, 0, 350, 111, 660
878, 0.650380551815033, 0, 334, 72, 668
879, 0.6863747239112854, 0, 337, 67, 665
880, 0.6581635475158691, 0, 339, 57, 665
881, 0.6115844249725342, 0, 337, 56, 663
883, 0.5050783157348633, 0, 301, 43, 663
891, 0.5006799697875977, 214, 384, 240, 420
