1, 0.5716422200202942, 582, 265, 598, 313
2, 0.5413532853126526, 581, 266, 597, 312
3, 0.5118398070335388, 581, 266, 597, 311
29, 0.6552144289016724, 582, 264, 597, 319
30, 0.6577707529067993, 582, 263, 599, 316
31, 0.6326794624328613, 584, 263, 601, 315
32, 0.6253147721290588, 584, 264, 600, 315
33, 0.6285091638565063, 583, 264, 599, 315
34, 0.6086746454238892, 582, 265, 599, 313
35, 0.632246196269989, 582, 265, 599, 315
36, 0.6221709847450256, 582, 265, 598, 314
37, 0.6043957471847534, 582, 266, 598, 314
38, 0.5643298625946045, 582, 266, 597, 313
39, 0.554537296295166, 582, 266, 597, 313
52, 0.5393753051757812, 581, 265, 599, 308
53, 0.5791256427764893, 582, 265, 600, 309
54, 0.5819658041000366, 583, 265, 600, 309
55, 0.5995776653289795, 583, 265, 601, 310
56, 0.6083406805992126, 583, 265, 602, 311
57, 0.5717348456382751, 585, 266, 603, 311
58, 0.541185200214386, 587, 266, 604, 312
59, 0.5087639689445496, 589, 266, 606, 312
89, 0.5175261497497559, 591, 267, 607, 314
90, 0.5272337198257446, 590, 266, 606, 314
91, 0.5231772065162659, 590, 266, 606, 313
92, 0.5263109803199768, 590, 266, 606, 314
93, 0.5130679607391357, 591, 266, 607, 314
94, 0.5057560801506042, 591, 266, 607, 314
139, 0.5004085898399353, 593, 265, 611, 316
141, 0.5063170790672302, 594, 265, 612, 317
162, 0.5183088779449463, 590, 266, 607, 316
163, 0.5483505129814148, 589, 265, 607, 316
164, 0.5879122614860535, 587, 265, 605, 314
165, 0.5361815094947815, 586, 267, 604, 311
218, 0.5421156883239746, 583, 267, 599, 317
219, 0.5930488109588623, 585, 266, 602, 318
220, 0.5917585492134094, 587, 264, 605, 319
231, 0.5102387070655823, 589, 266, 605, 314
232, 0.5142650604248047, 587, 267, 604, 311
259, 0.5631590485572815, 1, 207, 67, 520
260, 0.646976113319397, 0, 208, 68, 575
261, 0.6367426514625549, 0, 217, 71, 563
262, 0.6673162579536438, 0, 223, 72, 551
263, 0.6595721244812012, 0, 224, 72, 552
264, 0.6442496180534363, 0, 221, 73, 554
265, 0.6529114246368408, 1, 207, 72, 532
266, 0.6733099222183228, 1, 209, 72, 530
267, 0.6776395440101624, 3, 211, 69, 527
268, 0.6853742599487305, 4, 209, 68, 530
269, 0.7009019255638123, 3, 210, 71, 527
270, 0.7038910984992981, 6, 210, 72, 525
271, 0.7251917719841003, 11, 192, 95, 542
272, 0.7597966194152832, 11, 195, 96, 543
273, 0.7940018773078918, 10, 200, 95, 541
274, 0.8001095056533813, 12, 198, 98, 540
275, 0.7852250337600708, 14, 197, 102, 541
276, 0.7905330657958984, 13, 196, 108, 543
277, 0.7782664895057678, 14, 197, 115, 543
278, 0.7934250235557556, 18, 197, 123, 545
279, 0.7981948256492615, 17, 197, 128, 549
280, 0.8189342617988586, 20, 200, 136, 546
281, 0.8061442375183105, 22, 208, 140, 537
282, 0.8167440295219421, 27, 198, 164, 551
283, 0.8263031244277954, 27, 200, 175, 550
284, 0.5848582983016968, 585, 266, 602, 318
284, 0.8456202745437622, 28, 199, 182, 551
285, 0.6308004856109619, 586, 264, 604, 320
285, 0.8394518494606018, 29, 202, 190, 548
286, 0.5815490484237671, 587, 264, 604, 318
286, 0.8341768980026245, 32, 207, 196, 543
287, 0.5226196050643921, 589, 265, 607, 317
287, 0.5146551132202148, 833, 207, 851, 503
287, 0.8341777324676514, 30, 234, 204, 533
288, 0.5077874660491943, 590, 266, 608, 317
288, 0.8284596800804138, 38, 212, 199, 535
288, 0.6301137804985046, 831, 204, 851, 502
289, 0.8334312438964844, 41, 209, 199, 539
289, 0.5874378681182861, 830, 217, 851, 495
290, 0.5048122406005859, 591, 265, 611, 319
290, 0.8191684484481812, 46, 214, 201, 535
290, 0.578396201133728, 830, 238, 851, 471
291, 0.835090696811676, 49, 212, 201, 535
291, 0.6039696931838989, 827, 248, 851, 459
292, 0.8373831510543823, 52, 215, 202, 532
292, 0.6837751865386963, 824, 252, 851, 457
293, 0.78886878490448, 56, 220, 197, 523
293, 0.5872515439987183, 820, 250, 851, 457
294, 0.8307219743728638, 68, 199, 213, 550
294, 0.6288894414901733, 816, 259, 851, 449
295, 0.8266869783401489, 74, 198, 213, 549
295, 0.5798054933547974, 803, 243, 851, 457
296, 0.8276442885398865, 85, 198, 211, 549
296, 0.598513126373291, 800, 244, 851, 456
297, 0.8338778018951416, 87, 197, 209, 551
297, 0.6517488360404968, 798, 246, 851, 455
298, 0.8242003917694092, 98, 200, 206, 548
298, 0.6407474279403687, 797, 248, 851, 455
299, 0.8222810626029968, 106, 207, 205, 541
299, 0.7251818180084229, 793, 250, 851, 451
300, 0.8336533904075623, 109, 213, 209, 532
300, 0.7797446846961975, 789, 248, 851, 456
301, 0.830101490020752, 111, 210, 210, 536
301, 0.7900868058204651, 786, 250, 850, 456
302, 0.811285674571991, 119, 208, 215, 538
302, 0.7903808951377869, 778, 254, 851, 454
303, 0.8236105442047119, 123, 205, 220, 540
303, 0.7905065417289734, 773, 257, 850, 452
304, 0.8146277070045471, 140, 203, 234, 546
304, 0.7557443976402283, 769, 258, 851, 452
305, 0.538882851600647, 585, 266, 603, 311
305, 0.8079209327697754, 146, 208, 231, 541
305, 0.7577382922172546, 744, 252, 849, 451
306, 0.5172133445739746, 582, 266, 599, 309
306, 0.7963809967041016, 144, 210, 238, 535
306, 0.7777059078216553, 746, 250, 849, 452
307, 0.8293105959892273, 144, 206, 249, 535
307, 0.7836670279502869, 748, 249, 848, 454
308, 0.8240087628364563, 152, 209, 263, 532
308, 0.8117222785949707, 750, 251, 850, 455
309, 0.8283182978630066, 154, 209, 271, 534
309, 0.8174545764923096, 749, 251, 849, 453
310, 0.8487305045127869, 158, 208, 278, 532
310, 0.8126665353775024, 751, 249, 846, 453
311, 0.8518508672714233, 168, 203, 292, 545
311, 0.8243743181228638, 750, 253, 844, 450
312, 0.841025173664093, 168, 202, 296, 543
312, 0.8306912183761597, 751, 253, 844, 452
313, 0.8696564435958862, 165, 205, 313, 539
313, 0.8272031545639038, 748, 253, 844, 452
314, 0.86907958984375, 168, 207, 318, 538
314, 0.8171551823616028, 747, 249, 842, 451
315, 0.8580580353736877, 171, 215, 322, 531
315, 0.8104546666145325, 747, 247, 838, 452
316, 0.8743329644203186, 169, 214, 327, 532
316, 0.785870373249054, 745, 246, 833, 453
317, 0.8583001494407654, 174, 214, 331, 533
317, 0.7898422479629517, 744, 246, 828, 453
318, 0.8484613299369812, 177, 216, 336, 533
318, 0.7950948476791382, 742, 246, 827, 451
319, 0.8579604029655457, 179, 214, 339, 534
319, 0.7784589529037476, 742, 245, 824, 449
320, 0.8317535519599915, 181, 215, 336, 531
320, 0.7856619358062744, 740, 246, 819, 447
321, 0.8246932625770569, 190, 213, 332, 531
321, 0.7978259921073914, 734, 243, 812, 448
322, 0.7756081819534302, 193, 210, 329, 532
322, 0.7962522506713867, 730, 242, 811, 449
323, 0.8176154494285583, 197, 202, 328, 541
323, 0.7600666284561157, 728, 246, 811, 445
324, 0.7457712888717651, 215, 201, 336, 549
324, 0.757573664188385, 726, 245, 811, 445
325, 0.7977393865585327, 218, 203, 335, 545
325, 0.7549160122871399, 724, 244, 811, 450
326, 0.8019324541091919, 221, 204, 334, 542
326, 0.7723710536956787, 725, 244, 809, 447
327, 0.8161572217941284, 227, 208, 334, 535
327, 0.7951710820198059, 720, 246, 786, 447
328, 0.8186274766921997, 236, 210, 336, 529
328, 0.7995067238807678, 717, 248, 783, 443
329, 0.8062825202941895, 241, 213, 337, 524
329, 0.8006574511528015, 714, 251, 782, 444
330, 0.7908875346183777, 243, 217, 340, 518
330, 0.7961651682853699, 710, 252, 781, 443
331, 0.8073246479034424, 245, 215, 340, 518
331, 0.7948470115661621, 706, 250, 781, 447
332, 0.8176676630973816, 252, 216, 343, 520
332, 0.8065803050994873, 704, 252, 781, 447
333, 0.8026248812675476, 257, 217, 346, 522
333, 0.7992780804634094, 701, 252, 781, 445
334, 0.8067712783813477, 258, 218, 351, 517
334, 0.7985681295394897, 699, 252, 781, 445
335, 0.821097195148468, 260, 211, 352, 526
335, 0.8014351725578308, 699, 251, 780, 446
336, 0.8149065375328064, 259, 213, 353, 524
336, 0.8196977376937866, 691, 251, 776, 446
337, 0.8071240782737732, 281, 210, 363, 522
337, 0.832062304019928, 691, 253, 773, 446
338, 0.8245711326599121, 281, 212, 367, 522
338, 0.8251208066940308, 690, 256, 774, 445
339, 0.8320028185844421, 282, 213, 375, 523
339, 0.8288644552230835, 690, 256, 774, 444
340, 0.8163962960243225, 281, 216, 382, 512
340, 0.8232240676879883, 688, 261, 771, 445
341, 0.8145455718040466, 282, 219, 387, 513
341, 0.8145985007286072, 686, 266, 766, 447
342, 0.807887077331543, 283, 223, 401, 510
342, 0.8652833104133606, 679, 264, 761, 452
343, 0.7951249480247498, 286, 223, 415, 515
343, 0.7983689308166504, 679, 262, 758, 454
344, 0.8206321597099304, 290, 216, 434, 517
344, 0.7615426778793335, 663, 274, 752, 444
345, 0.8270554542541504, 291, 222, 438, 513
345, 0.750183641910553, 661, 275, 753, 442
346, 0.8244940638542175, 292, 225, 443, 513
346, 0.700477659702301, 661, 272, 748, 443
347, 0.5673419833183289, 587, 266, 606, 318
347, 0.8287522196769714, 290, 221, 444, 518
347, 0.7029829621315002, 662, 280, 734, 441
348, 0.5558339953422546, 588, 265, 607, 317
348, 0.8430871367454529, 290, 221, 449, 521
348, 0.6884448528289795, 663, 279, 729, 444
349, 0.5384582281112671, 589, 266, 608, 317
349, 0.8145406246185303, 293, 223, 446, 518
349, 0.6674337983131409, 661, 268, 733, 452
350, 0.8402063250541687, 292, 218, 448, 523
350, 0.692705512046814, 659, 279, 723, 443
351, 0.5059556365013123, 592, 266, 611, 319
351, 0.8435437083244324, 299, 215, 444, 527
351, 0.7143484950065613, 655, 281, 718, 442
352, 0.5194078087806702, 592, 266, 611, 320
352, 0.833432674407959, 301, 214, 446, 528
352, 0.7234398126602173, 652, 279, 712, 445
353, 0.5141006112098694, 593, 267, 612, 319
353, 0.816637396812439, 304, 216, 445, 526
353, 0.7136152982711792, 651, 277, 710, 448
354, 0.5066220760345459, 593, 268, 612, 319
354, 0.8469301462173462, 313, 209, 445, 535
354, 0.7153447866439819, 646, 271, 708, 446
355, 0.5235702991485596, 593, 267, 612, 320
355, 0.8273235559463501, 316, 207, 445, 534
355, 0.6711110472679138, 645, 258, 710, 449
356, 0.5226244926452637, 593, 267, 612, 319
356, 0.8225187659263611, 321, 207, 442, 533
356, 0.5806242823600769, 644, 259, 711, 448
357, 0.5054743885993958, 594, 267, 612, 318
357, 0.8327640891075134, 322, 205, 447, 531
358, 0.7878643274307251, 325, 206, 450, 529
358, 0.5290937423706055, 627, 293, 701, 437
359, 0.8018578290939331, 329, 207, 453, 530
359, 0.526868999004364, 625, 296, 701, 439
360, 0.7927728891372681, 332, 205, 457, 527
360, 0.6078411340713501, 618, 295, 701, 441
361, 0.7902206778526306, 363, 224, 468, 508
361, 0.5855617523193359, 613, 296, 702, 436
362, 0.8226378560066223, 368, 220, 473, 514
362, 0.6714602708816528, 606, 277, 704, 443
363, 0.812152087688446, 377, 218, 473, 514
363, 0.8162679076194763, 603, 274, 703, 441
364, 0.8061820864677429, 384, 221, 473, 511
364, 0.828569769859314, 601, 272, 703, 440
365, 0.81227046251297, 387, 220, 481, 516
365, 0.8452536463737488, 599, 265, 702, 442
366, 0.8137251138687134, 387, 215, 483, 522
366, 0.8298771381378174, 598, 262, 699, 441
367, 0.8088085651397705, 393, 213, 484, 526
367, 0.8405670523643494, 595, 259, 697, 442
368, 0.7842567563056946, 391, 212, 488, 525
368, 0.8399921655654907, 596, 266, 694, 443
369, 0.7813364863395691, 401, 217, 512, 516
369, 0.8333677053451538, 596, 268, 690, 443
370, 0.7978661060333252, 405, 219, 510, 515
370, 0.8438133597373962, 593, 269, 685, 445
371, 0.5461830496788025, 591, 253, 630, 322
371, 0.8022361397743225, 403, 219, 516, 517
371, 0.827160656452179, 591, 274, 684, 444
372, 0.8140885233879089, 403, 218, 519, 521
372, 0.8337412476539612, 589, 270, 682, 442
373, 0.8102272748947144, 409, 217, 525, 523
373, 0.7984331846237183, 586, 260, 679, 442
374, 0.8193924427032471, 409, 221, 533, 514
374, 0.7902780175209045, 580, 246, 660, 449
375, 0.827816903591156, 408, 224, 541, 515
375, 0.7650157809257507, 578, 248, 661, 447
376, 0.8194797039031982, 411, 224, 544, 515
376, 0.766124427318573, 578, 244, 657, 447
377, 0.8029732704162598, 416, 226, 548, 516
377, 0.7926197052001953, 578, 243, 651, 448
378, 0.8260921239852905, 415, 228, 551, 517
378, 0.8054141402244568, 577, 243, 648, 450
379, 0.8285556435585022, 419, 225, 551, 519
379, 0.8096315264701843, 576, 242, 641, 451
380, 0.8358521461486816, 419, 222, 554, 521
380, 0.8025916218757629, 572, 243, 639, 450
381, 0.776490330696106, 423, 219, 548, 523
381, 0.7893271446228027, 572, 242, 641, 449
382, 0.8051944971084595, 430, 223, 570, 523
382, 0.7992122769355774, 569, 245, 638, 446
383, 0.8218176960945129, 435, 220, 567, 527
383, 0.7973454594612122, 567, 244, 635, 448
384, 0.8255732655525208, 437, 223, 573, 524
384, 0.7912753820419312, 557, 244, 628, 448
385, 0.8276506662368774, 443, 226, 570, 521
385, 0.7700110077857971, 555, 246, 626, 448
386, 0.8237544894218445, 451, 222, 562, 524
386, 0.7388983368873596, 555, 248, 621, 449
387, 0.8090689182281494, 453, 225, 561, 519
387, 0.6942731738090515, 539, 251, 613, 454
388, 0.7939980626106262, 458, 222, 557, 521
388, 0.6718353033065796, 537, 251, 611, 455
389, 0.7926196455955505, 460, 224, 553, 512
389, 0.753437876701355, 541, 246, 609, 453
390, 0.7684100866317749, 461, 221, 552, 504
390, 0.7836028933525085, 540, 244, 610, 456
391, 0.7884110808372498, 463, 226, 552, 506
391, 0.7737922072410583, 538, 244, 613, 458
392, 0.7953383922576904, 461, 225, 556, 510
392, 0.7484736442565918, 534, 241, 613, 462
393, 0.719007670879364, 464, 233, 554, 508
393, 0.7221165895462036, 534, 246, 613, 459
394, 0.7551582455635071, 468, 225, 558, 505
394, 0.6649394035339355, 530, 242, 605, 469
395, 0.7396955490112305, 468, 220, 569, 512
396, 0.5975465774536133, 470, 218, 563, 517
397, 0.7591875195503235, 485, 215, 596, 515
397, 0.7591875195503235, 490, 215, 596, 515
399, 0.7804083824157715, 500, 222, 593, 507
400, 0.7999489307403564, 506, 221, 594, 504
401, 0.7883041501045227, 509, 224, 592, 505
402, 0.7952790260314941, 512, 225, 592, 507
403, 0.7968965172767639, 513, 228, 597, 508
404, 0.7972211837768555, 513, 228, 603, 510
405, 0.814777135848999, 510, 227, 613, 513
406, 0.7777263522148132, 510, 226, 618, 512
406, 0.5415776968002319, 822, 248, 851, 455
407, 0.6864263415336609, 513, 229, 615, 508
408, 0.6992173790931702, 507, 238, 620, 503
408, 0.5278346538543701, 810, 233, 851, 465
409, 0.6765507459640503, 506, 243, 622, 498
409, 0.6109926700592041, 805, 239, 851, 459
410, 0.6887040138244629, 506, 244, 626, 495
410, 0.547987163066864, 804, 238, 851, 458
411, 0.539421796798706, 474, 253, 546, 451
411, 0.6784663200378418, 513, 240, 620, 500
411, 0.5094901919364929, 799, 247, 851, 450
412, 0.7693302631378174, 469, 248, 539, 445
412, 0.5458258986473083, 798, 246, 851, 450
412, 0.7275276780128479, 518, 275, 628, 504
413, 0.7336794137954712, 469, 251, 538, 439
413, 0.6750783324241638, 792, 247, 851, 450
413, 0.7238665819168091, 523, 286, 624, 503
414, 0.7768919467926025, 471, 248, 536, 444
414, 0.7021323442459106, 791, 250, 851, 447
414, 0.6946572661399841, 524, 260, 632, 515
415, 0.811455249786377, 471, 248, 536, 439
415, 0.7219108939170837, 788, 248, 851, 448
415, 0.771018922328949, 524, 282, 631, 503
416, 0.8021619319915771, 469, 251, 533, 443
416, 0.7892985343933105, 783, 246, 847, 450
416, 0.727951169013977, 529, 269, 629, 507
417, 0.7799633145332336, 465, 249, 532, 445
417, 0.7376845479011536, 548, 227, 635, 516
417, 0.8070961236953735, 779, 248, 847, 450
418, 0.7973120808601379, 462, 247, 534, 448
418, 0.787480890750885, 546, 223, 640, 524
418, 0.8312670588493347, 776, 250, 846, 448
419, 0.7910693287849426, 457, 244, 536, 450
419, 0.8144924640655518, 547, 225, 641, 520
419, 0.8250231742858887, 774, 250, 848, 449
420, 0.7966235280036926, 446, 243, 531, 450
420, 0.8305009007453918, 549, 225, 643, 519
420, 0.825022280216217, 772, 252, 849, 451
421, 0.8140836954116821, 442, 245, 534, 447
421, 0.8187131285667419, 553, 231, 647, 512
421, 0.8146044015884399, 770, 251, 850, 453
422, 0.8375809192657471, 439, 243, 533, 448
422, 0.8098362684249878, 553, 234, 656, 507
422, 0.764603853225708, 757, 254, 851, 451
423, 0.853214681148529, 437, 242, 530, 450
423, 0.810033917427063, 558, 237, 658, 507
423, 0.7901977300643921, 758, 252, 848, 452
424, 0.855542004108429, 436, 242, 529, 451
424, 0.8125699162483215, 565, 240, 660, 504
424, 0.7492834329605103, 759, 251, 845, 453
425, 0.8665347099304199, 433, 253, 528, 446
425, 0.8073329329490662, 568, 243, 664, 504
425, 0.7794108986854553, 758, 251, 847, 453
426, 0.8602953553199768, 428, 248, 526, 452
426, 0.8065025210380554, 570, 241, 666, 505
426, 0.7847650051116943, 758, 249, 845, 453
427, 0.8695577383041382, 428, 247, 526, 451
427, 0.7879511117935181, 757, 248, 845, 452
427, 0.7277498245239258, 573, 264, 671, 499
428, 0.8790208697319031, 426, 251, 527, 448
428, 0.7823460102081299, 753, 251, 844, 450
428, 0.7105407118797302, 582, 266, 689, 498
429, 0.884730875492096, 425, 251, 523, 447
429, 0.7659825086593628, 750, 248, 843, 452
429, 0.7160478234291077, 583, 264, 691, 499
430, 0.8851128220558167, 424, 250, 519, 447
430, 0.7643043398857117, 591, 246, 689, 500
430, 0.7611991167068481, 748, 246, 839, 453
431, 0.8857371807098389, 421, 252, 510, 447
431, 0.7735961675643921, 594, 244, 690, 501
431, 0.7480482459068298, 750, 245, 835, 454
432, 0.8986480236053467, 420, 257, 506, 447
432, 0.7892374992370605, 593, 237, 693, 507
432, 0.7519698143005371, 753, 242, 834, 454
433, 0.8973326683044434, 416, 248, 500, 447
433, 0.7066379189491272, 593, 245, 701, 499
433, 0.7145929932594299, 752, 243, 832, 452
434, 0.9077193140983582, 415, 249, 497, 446
434, 0.7337657809257507, 753, 245, 829, 449
434, 0.6970118284225464, 591, 272, 701, 495
435, 0.8937929272651672, 417, 247, 489, 447
435, 0.7529513239860535, 754, 241, 824, 453
435, 0.7154499888420105, 590, 280, 702, 490
436, 0.8674355745315552, 418, 248, 485, 446
436, 0.7295352220535278, 749, 241, 822, 450
436, 0.711828351020813, 589, 279, 707, 493
437, 0.8438257575035095, 418, 247, 483, 447
437, 0.7443845868110657, 750, 243, 818, 449
437, 0.7467362284660339, 587, 284, 707, 493
438, 0.8184671401977539, 416, 250, 486, 446
438, 0.7181957960128784, 744, 241, 818, 451
438, 0.7676061391830444, 588, 287, 705, 494
439, 0.8240024447441101, 411, 245, 478, 446
439, 0.7039957046508789, 734, 243, 813, 449
439, 0.7755824327468872, 587, 288, 709, 495
440, 0.8513382077217102, 410, 243, 475, 449
440, 0.748262882232666, 733, 241, 805, 450
440, 0.7780746221542358, 590, 289, 710, 498
441, 0.7850867509841919, 406, 248, 469, 447
441, 0.7074832320213318, 731, 244, 806, 448
441, 0.7957381010055542, 593, 294, 721, 496
442, 0.7956953048706055, 401, 251, 463, 447
442, 0.7111952900886536, 728, 244, 809, 448
442, 0.8171977400779724, 597, 297, 723, 494
443, 0.8516579866409302, 396, 248, 458, 443
443, 0.749557614326477, 715, 243, 793, 450
443, 0.8362237811088562, 599, 298, 720, 494
444, 0.8776042461395264, 395, 245, 458, 443
444, 0.7762184739112854, 714, 244, 793, 452
444, 0.8285554647445679, 603, 296, 723, 496
445, 0.888055145740509, 393, 247, 455, 443
445, 0.7917346954345703, 714, 242, 794, 451
445, 0.8092780113220215, 605, 296, 723, 494
446, 0.8808269500732422, 390, 249, 452, 443
446, 0.8104068636894226, 714, 245, 791, 451
446, 0.8107655644416809, 614, 292, 718, 496
447, 0.8899214267730713, 386, 244, 450, 444
447, 0.8331540822982788, 714, 247, 794, 450
447, 0.7933818697929382, 615, 290, 718, 492
448, 0.9092515110969543, 380, 244, 449, 444
448, 0.8245935440063477, 713, 248, 794, 450
448, 0.7874954342842102, 618, 292, 716, 491
449, 0.897628664970398, 377, 255, 451, 440
449, 0.8176659941673279, 710, 247, 793, 454
449, 0.7546601891517639, 621, 290, 714, 490
450, 0.5093242526054382, 587, 266, 604, 313
450, 0.9123656749725342, 372, 255, 451, 438
450, 0.8011950254440308, 709, 247, 791, 460
450, 0.7597500681877136, 628, 294, 709, 491
451, 0.5467417240142822, 586, 265, 603, 313
451, 0.889020562171936, 364, 259, 453, 436
451, 0.8026308417320251, 710, 248, 791, 459
451, 0.7648599743843079, 636, 289, 714, 493
452, 0.5336173176765442, 586, 264, 603, 312
452, 0.8788785934448242, 358, 247, 456, 441
452, 0.8069581985473633, 713, 245, 791, 460
452, 0.74000483751297, 636, 284, 717, 494
453, 0.5826031565666199, 583, 264, 601, 312
453, 0.8213198781013489, 344, 247, 445, 442
453, 0.8160287737846375, 714, 244, 789, 461
453, 0.7640238404273987, 638, 287, 714, 494
454, 0.6301549077033997, 582, 262, 600, 312
454, 0.8474278450012207, 344, 246, 446, 444
454, 0.8168259263038635, 713, 246, 788, 462
454, 0.7644385695457458, 642, 288, 713, 491
455, 0.6418333053588867, 581, 262, 600, 312
455, 0.8668529987335205, 339, 245, 445, 443
455, 0.7904711961746216, 713, 247, 783, 458
455, 0.771471381187439, 641, 288, 714, 493
456, 0.6218288540840149, 581, 263, 599, 313
456, 0.863925039768219, 333, 249, 442, 441
456, 0.7855573892593384, 709, 248, 779, 458
456, 0.772609293460846, 643, 283, 714, 489
457, 0.6185454726219177, 580, 262, 599, 314
457, 0.8491537570953369, 334, 249, 439, 442
457, 0.7616965770721436, 701, 252, 774, 457
457, 0.7590554356575012, 645, 287, 716, 487
458, 0.5989963412284851, 580, 263, 599, 313
458, 0.8507758378982544, 330, 248, 440, 442
458, 0.7679371237754822, 703, 252, 771, 456
458, 0.7340784072875977, 644, 285, 720, 492
459, 0.5622779130935669, 581, 264, 598, 310
459, 0.8538403511047363, 326, 247, 439, 442
459, 0.769253134727478, 700, 254, 760, 469
459, 0.7050766944885254, 652, 288, 732, 489
460, 0.531218945980072, 581, 265, 599, 310
460, 0.8603276610374451, 324, 248, 438, 441
460, 0.6888759732246399, 692, 258, 760, 471
460, 0.6685929298400879, 657, 284, 738, 493
461, 0.5032073855400085, 581, 266, 599, 310
461, 0.8587930202484131, 322, 247, 433, 440
461, 0.6259297728538513, 657, 285, 739, 492
462, 0.8495442867279053, 324, 244, 429, 442
462, 0.6630216836929321, 681, 287, 761, 484
463, 0.8594390749931335, 323, 242, 419, 444
463, 0.6444436311721802, 681, 291, 760, 483
464, 0.8879135847091675, 323, 239, 412, 445
464, 0.737446665763855, 688, 252, 757, 478
465, 0.8922461867332458, 319, 239, 411, 444
465, 0.7670318484306335, 691, 237, 753, 482
466, 0.8742491602897644, 320, 239, 408, 444
466, 0.7850827574729919, 691, 239, 754, 483
467, 0.8865814805030823, 322, 239, 404, 444
467, 0.7914674282073975, 691, 237, 752, 488
468, 0.5061769485473633, 579, 265, 597, 312
468, 0.8586504459381104, 325, 240, 400, 443
468, 0.7877962589263916, 686, 235, 758, 488
469, 0.5687204003334045, 579, 265, 597, 314
469, 0.8630669713020325, 325, 239, 386, 445
469, 0.8014107346534729, 688, 237, 758, 489
470, 0.6013296842575073, 579, 265, 597, 317
470, 0.8452636003494263, 322, 237, 385, 448
470, 0.7807965874671936, 689, 240, 757, 485
471, 0.662472665309906, 580, 263, 598, 318
471, 0.8163105845451355, 319, 231, 384, 446
471, 0.7540106773376465, 691, 237, 756, 487
472, 0.6734070181846619, 581, 263, 599, 320
472, 0.7924917340278625, 307, 238, 386, 447
472, 0.7171294093132019, 669, 286, 740, 488
473, 0.6804628372192383, 581, 264, 601, 320
473, 0.8000210523605347, 305, 238, 383, 448
473, 0.7094123363494873, 688, 232, 757, 489
474, 0.6618205904960632, 581, 264, 602, 320
474, 0.8265308737754822, 308, 242, 377, 445
474, 0.6901693344116211, 662, 283, 747, 488
475, 0.6495031714439392, 582, 264, 603, 320
475, 0.8317212462425232, 308, 243, 374, 444
475, 0.6987345814704895, 686, 238, 759, 489
476, 0.5864920020103455, 585, 265, 604, 319
476, 0.8298454880714417, 309, 244, 373, 443
476, 0.7169478535652161, 687, 233, 761, 492
477, 0.529785692691803, 588, 266, 610, 320
477, 0.8360939025878906, 306, 243, 375, 443
477, 0.7697879076004028, 687, 234, 758, 494
478, 0.829517126083374, 299, 241, 375, 444
478, 0.789716362953186, 688, 236, 762, 491
479, 0.8369766473770142, 293, 242, 376, 445
479, 0.7778712511062622, 693, 237, 763, 492
479, 0.5469454526901245, 649, 312, 708, 461
480, 0.8406351208686829, 289, 242, 375, 444
480, 0.6066249012947083, 626, 291, 699, 448
480, 0.798918604850769, 698, 238, 768, 489
481, 0.825767993927002, 283, 245, 375, 442
481, 0.6843635439872742, 618, 291, 701, 446
481, 0.7825288772583008, 698, 234, 770, 489
482, 0.8332722783088684, 282, 246, 372, 441
482, 0.7350907325744629, 618, 290, 702, 446
482, 0.7691373229026794, 703, 235, 775, 492
483, 0.8633983731269836, 276, 245, 369, 442
483, 0.7400219440460205, 617, 291, 703, 444
483, 0.7739578485488892, 707, 233, 777, 487
484, 0.8692178726196289, 274, 245, 367, 443
484, 0.8049759864807129, 615, 281, 709, 446
484, 0.784383237361908, 707, 232, 781, 494
485, 0.8660758137702942, 272, 247, 364, 442
485, 0.8100621700286865, 610, 284, 709, 446
485, 0.8020127415657043, 708, 230, 781, 498
486, 0.8515587449073792, 271, 249, 363, 441
486, 0.8610810041427612, 603, 288, 708, 446
486, 0.8053644895553589, 710, 230, 782, 497
487, 0.9045568704605103, 272, 246, 361, 441
487, 0.8400082588195801, 603, 288, 707, 446
487, 0.7978302240371704, 710, 232, 783, 494
488, 0.8767071962356567, 270, 248, 363, 440
488, 0.8061021566390991, 604, 288, 707, 446
488, 0.8069332838058472, 710, 232, 782, 498
489, 0.5958428382873535, 600, 40, 713, 451
489, 0.8228042125701904, 260, 243, 357, 445
489, 0.7860999703407288, 603, 286, 705, 446
489, 0.809661865234375, 709, 236, 785, 497
490, 0.8267199993133545, 263, 243, 352, 445
490, 0.8104205131530762, 598, 287, 703, 447
490, 0.8077412843704224, 711, 235, 791, 501
491, 0.8308561444282532, 262, 242, 349, 445
491, 0.8240069150924683, 599, 287, 704, 446
491, 0.8064565658569336, 712, 232, 794, 502
492, 0.8298143744468689, 261, 242, 349, 446
492, 0.8284157514572144, 598, 289, 703, 446
492, 0.7728362083435059, 709, 236, 802, 497
493, 0.8184564709663391, 260, 238, 345, 448
493, 0.8040475845336914, 598, 291, 702, 448
493, 0.700933575630188, 718, 247, 820, 487
494, 0.8066851496696472, 257, 237, 334, 435
494, 0.7624424695968628, 596, 290, 703, 448
494, 0.7402933239936829, 720, 247, 820, 486
495, 0.8177124857902527, 255, 237, 327, 436
495, 0.7468671798706055, 594, 291, 701, 449
495, 0.7586470246315002, 722, 242, 820, 493
496, 0.8233368992805481, 253, 237, 324, 437
496, 0.7026846408843994, 594, 292, 698, 449
496, 0.7535669803619385, 723, 245, 820, 490
497, 0.8178561925888062, 253, 234, 320, 440
497, 0.6803892850875854, 596, 289, 698, 449
497, 0.7770429253578186, 723, 247, 821, 492
498, 0.8200507164001465, 248, 234, 315, 440
498, 0.719756007194519, 596, 280, 695, 446
498, 0.7908408045768738, 724, 247, 822, 492
499, 0.8429040908813477, 247, 232, 311, 442
499, 0.6322118043899536, 596, 274, 694, 441
499, 0.8055485486984253, 723, 250, 825, 490
500, 0.8626313209533691, 245, 229, 309, 445
500, 0.6683683395385742, 594, 267, 687, 438
500, 0.8075290322303772, 724, 252, 826, 488
501, 0.8439562320709229, 243, 226, 308, 447
501, 0.6712813377380371, 591, 264, 685, 439
501, 0.8086848855018616, 724, 252, 825, 487
502, 0.8387227058410645, 241, 236, 307, 448
502, 0.7972685694694519, 586, 249, 658, 444
502, 0.7962439060211182, 726, 255, 825, 485
503, 0.8264892101287842, 235, 232, 296, 443
503, 0.8247534036636353, 585, 246, 655, 448
503, 0.8291066884994507, 726, 251, 827, 484
504, 0.8342900276184082, 236, 235, 293, 439
504, 0.8353103995323181, 584, 245, 651, 447
504, 0.8185405135154724, 724, 250, 828, 485
505, 0.8413326740264893, 235, 230, 292, 444
505, 0.8275676965713501, 582, 244, 645, 449
505, 0.8105812072753906, 725, 249, 831, 484
506, 0.8375113606452942, 232, 224, 289, 451
506, 0.8272032737731934, 578, 239, 641, 453
506, 0.8200463056564331, 724, 251, 834, 485
507, 0.8361089825630188, 225, 226, 286, 449
507, 0.803648054599762, 576, 240, 641, 450
507, 0.8186202645301819, 724, 252, 838, 483
508, 0.8374013900756836, 220, 225, 285, 451
508, 0.7944689989089966, 574, 240, 640, 453
508, 0.8061460852622986, 727, 250, 836, 484
509, 0.8274994492530823, 214, 227, 283, 449
509, 0.8062917590141296, 573, 240, 638, 452
509, 0.8178421258926392, 732, 247, 834, 482
510, 0.8416294455528259, 213, 228, 283, 448
510, 0.8140876293182373, 569, 241, 633, 450
510, 0.7911571264266968, 736, 247, 832, 483
511, 0.8378065228462219, 208, 231, 283, 445
511, 0.8326775431632996, 565, 244, 628, 449
511, 0.7905868291854858, 741, 243, 830, 483
512, 0.8431410789489746, 208, 239, 293, 446
512, 0.8404388427734375, 564, 247, 626, 449
512, 0.7959304451942444, 747, 248, 830, 479
513, 0.837404191493988, 201, 237, 292, 448
513, 0.8462355136871338, 562, 245, 625, 449
513, 0.77683025598526, 749, 248, 829, 482
514, 0.851037859916687, 194, 232, 284, 443
514, 0.8337643146514893, 561, 248, 623, 450
514, 0.7835047841072083, 754, 245, 826, 480
515, 0.860191822052002, 188, 234, 285, 441
515, 0.819502592086792, 559, 249, 623, 449
515, 0.7858653664588928, 755, 244, 826, 483
516, 0.856504499912262, 192, 233, 283, 442
516, 0.7845357060432434, 536, 246, 620, 451
516, 0.7921358346939087, 757, 243, 826, 482
517, 0.8528757095336914, 194, 233, 281, 442
517, 0.831067681312561, 531, 245, 621, 448
517, 0.7840708494186401, 757, 243, 828, 484
518, 0.8619330525398254, 191, 243, 282, 444
518, 0.8343143463134766, 528, 250, 620, 446
518, 0.7844008803367615, 757, 243, 828, 478
519, 0.8764636516571045, 188, 242, 279, 444
519, 0.8244450688362122, 522, 252, 620, 443
519, 0.7884027361869812, 757, 245, 829, 482
520, 0.8762573003768921, 186, 241, 278, 445
520, 0.8252015113830566, 519, 251, 617, 443
520, 0.7882336974143982, 758, 244, 830, 481
521, 0.8609378337860107, 187, 241, 275, 444
521, 0.8318678736686707, 513, 253, 617, 442
521, 0.7845134735107422, 758, 246, 831, 480
522, 0.7456156611442566, 188, 240, 270, 444
522, 0.8412780165672302, 513, 254, 613, 443
522, 0.7829985022544861, 757, 247, 831, 477
523, 0.680634081363678, 172, 237, 265, 449
523, 0.8429476022720337, 515, 255, 610, 444
523, 0.7780104875564575, 757, 250, 831, 478
524, 0.7850953340530396, 176, 232, 256, 442
524, 0.8526246547698975, 512, 256, 610, 442
524, 0.7794697880744934, 758, 251, 833, 479
525, 0.8131173849105835, 178, 233, 252, 441
525, 0.8571215271949768, 514, 256, 609, 443
525, 0.7864168882369995, 757, 249, 833, 480
526, 0.801997721195221, 172, 232, 248, 441
526, 0.8618754744529724, 514, 256, 609, 440
526, 0.7906154990196228, 758, 248, 835, 480
527, 0.7922584414482117, 174, 232, 241, 440
527, 0.8592085242271423, 514, 252, 607, 442
527, 0.7907350659370422, 759, 239, 838, 485
528, 0.5151159167289734, 583, 267, 598, 312
528, 0.768993079662323, 174, 232, 238, 440
528, 0.8586789965629578, 514, 251, 602, 443
528, 0.7850768566131592, 759, 241, 840, 486
529, 0.5372453331947327, 581, 267, 597, 313
529, 0.7367320656776428, 169, 231, 234, 439
529, 0.8439234495162964, 512, 251, 597, 442
529, 0.7836683988571167, 762, 245, 840, 484
530, 0.7404101490974426, 167, 231, 230, 439
530, 0.8304234743118286, 511, 249, 597, 442
530, 0.7915585041046143, 763, 246, 840, 484
531, 0.771592378616333, 163, 232, 228, 438
531, 0.8356022238731384, 511, 248, 595, 443
531, 0.764549732208252, 758, 244, 842, 481
532, 0.7837507128715515, 159, 232, 227, 437
532, 0.848662257194519, 511, 244, 587, 445
532, 0.7805322408676147, 759, 245, 844, 480
533, 0.7938874959945679, 155, 231, 220, 439
533, 0.8363298773765564, 513, 241, 586, 447
533, 0.7893614768981934, 757, 243, 846, 478
534, 0.7593801021575928, 153, 232, 221, 438
534, 0.7990459203720093, 514, 237, 582, 451
534, 0.798473060131073, 756, 248, 848, 477
535, 0.7702205181121826, 135, 231, 213, 444
535, 0.7444961071014404, 511, 237, 578, 450
535, 0.7945709228515625, 774, 251, 846, 475
536, 0.8029207587242126, 138, 231, 209, 445
536, 0.65959233045578, 474, 244, 576, 445
536, 0.8327288627624512, 773, 251, 847, 474
537, 0.7924081683158875, 137, 232, 208, 442
537, 0.7048034071922302, 476, 244, 573, 444
537, 0.8306488990783691, 774, 252, 846, 476
538, 0.7856519818305969, 134, 234, 205, 442
538, 0.711422860622406, 473, 246, 563, 444
538, 0.8272531032562256, 774, 253, 847, 475
539, 0.7733186483383179, 131, 234, 204, 441
539, 0.720999538898468, 470, 245, 556, 446
539, 0.8212900757789612, 775, 253, 846, 476
540, 0.7744958400726318, 128, 232, 201, 443
540, 0.7531040906906128, 466, 247, 554, 445
540, 0.8193486332893372, 773, 249, 848, 478
541, 0.7762404084205627, 126, 232, 200, 443
541, 0.7331218123435974, 471, 247, 552, 448
541, 0.8191729187965393, 773, 245, 849, 482
542, 0.7887260317802429, 118, 232, 200, 442
542, 0.7289321422576904, 477, 246, 550, 451
542, 0.815359890460968, 777, 247, 848, 478
543, 0.8150111436843872, 110, 232, 199, 443
543, 0.7357168197631836, 470, 245, 546, 451
543, 0.814379870891571, 780, 250, 849, 474
544, 0.8248952031135559, 106, 233, 200, 443
544, 0.7914877533912659, 468, 244, 544, 452
544, 0.776328980922699, 784, 252, 851, 475
545, 0.8322603702545166, 102, 232, 201, 445
545, 0.8492761850357056, 464, 242, 540, 452
545, 0.7697175145149231, 788, 252, 851, 476
546, 0.816085934638977, 101, 247, 207, 443
546, 0.8288511037826538, 465, 245, 543, 450
546, 0.7331671118736267, 791, 256, 851, 475
547, 0.8162891864776611, 100, 247, 205, 443
547, 0.8369787931442261, 461, 244, 544, 451
547, 0.6840429306030273, 793, 253, 851, 474
548, 0.8229570984840393, 99, 247, 203, 444
548, 0.8532153964042664, 455, 245, 542, 450
548, 0.7019009590148926, 794, 257, 851, 470
549, 0.8268868923187256, 97, 246, 200, 444
549, 0.8061617016792297, 452, 240, 543, 455
549, 0.6840435266494751, 796, 253, 851, 470
550, 0.823563814163208, 96, 246, 197, 446
550, 0.8373811841011047, 446, 244, 532, 452
550, 0.6805053949356079, 796, 250, 851, 470
551, 0.5010108947753906, 579, 270, 596, 318
551, 0.8319860696792603, 96, 243, 195, 446
551, 0.8558384776115417, 440, 243, 537, 453
551, 0.6564962863922119, 798, 250, 851, 467
552, 0.5477523803710938, 580, 269, 596, 318
552, 0.8399195671081543, 91, 243, 193, 446
552, 0.8601492047309875, 434, 247, 539, 449
552, 0.6267985701560974, 799, 252, 851, 469
553, 0.51239413022995, 581, 269, 597, 316
553, 0.8439657092094421, 90, 241, 190, 446
553, 0.8558400869369507, 433, 247, 535, 448
553, 0.5024077892303467, 801, 260, 851, 473
554, 0.5398593544960022, 581, 269, 597, 318
554, 0.8371149301528931, 89, 245, 189, 444
554, 0.8536975383758545, 434, 249, 533, 447
554, 0.5436951518058777, 800, 256, 851, 473
555, 0.8369055390357971, 89, 244, 187, 443
555, 0.8568770289421082, 431, 252, 533, 446
555, 0.6405449509620667, 801, 246, 851, 469
556, 0.767680287361145, 85, 241, 165, 447
556, 0.8522502183914185, 431, 257, 533, 445
556, 0.5713067650794983, 805, 249, 851, 471
557, 0.7652968764305115, 80, 241, 160, 447
557, 0.8372676372528076, 427, 256, 530, 446
558, 0.7850973606109619, 75, 240, 160, 449
558, 0.8531614542007446, 423, 254, 530, 447
558, 0.6164829134941101, 808, 237, 851, 471
559, 0.7904807925224304, 73, 241, 157, 448
559, 0.879379391670227, 419, 254, 529, 448
559, 0.638178825378418, 809, 238, 851, 470
560, 0.7957572340965271, 73, 237, 153, 450
560, 0.8900600075721741, 414, 253, 526, 447
561, 0.8210867643356323, 71, 236, 148, 451
561, 0.8874558210372925, 413, 251, 522, 448
562, 0.810636043548584, 68, 233, 147, 455
562, 0.8758736252784729, 417, 251, 519, 446
563, 0.77980637550354, 69, 233, 141, 440
563, 0.8665617108345032, 417, 249, 512, 444
564, 0.8111705183982849, 65, 236, 143, 450
564, 0.8758689165115356, 416, 249, 506, 442
565, 0.8436919450759888, 63, 234, 137, 451
565, 0.8686141967773438, 415, 251, 505, 441
566, 0.843847930431366, 62, 232, 133, 452
566, 0.8638612627983093, 417, 246, 498, 444
567, 0.8723198771476746, 63, 236, 128, 449
567, 0.8806279897689819, 418, 244, 494, 444
568, 0.8761478066444397, 61, 236, 127, 449
568, 0.8642609715461731, 418, 248, 491, 443
569, 0.836523175239563, 59, 237, 128, 449
569, 0.8156300783157349, 415, 246, 490, 442
570, 0.8006086349487305, 41, 237, 122, 449
570, 0.7799409627914429, 416, 251, 488, 440
571, 0.808954119682312, 38, 236, 124, 449
571, 0.848170280456543, 412, 240, 478, 448
572, 0.8095100522041321, 32, 238, 123, 447
572, 0.8875340819358826, 411, 240, 476, 449
573, 0.8022446036338806, 27, 239, 121, 447
573, 0.8850793242454529, 408, 239, 473, 450
574, 0.8169170022010803, 25, 243, 119, 447
574, 0.8819599747657776, 403, 243, 466, 447
575, 0.8131116032600403, 23, 244, 119, 446
575, 0.8693551421165466, 397, 245, 462, 446
576, 0.802147388458252, 20, 245, 117, 446
576, 0.8706774115562439, 394, 241, 460, 449
577, 0.8088171482086182, 18, 244, 115, 446
577, 0.8720952868461609, 387, 243, 462, 448
578, 0.5708760619163513, 582, 267, 598, 317
578, 0.8062670230865479, 18, 242, 114, 448
578, 0.8735129237174988, 390, 240, 461, 449
579, 0.599348783493042, 581, 267, 599, 318
579, 0.8140993714332581, 20, 241, 114, 449
579, 0.8931267857551575, 388, 243, 459, 447
580, 0.5797646641731262, 583, 267, 600, 316
580, 0.8095871210098267, 18, 240, 112, 450
580, 0.889961838722229, 375, 242, 457, 446
581, 0.7971194982528687, 14, 237, 108, 452
581, 0.8910300135612488, 372, 245, 458, 444
582, 0.7891379594802856, 18, 227, 98, 447
582, 0.9096991419792175, 366, 242, 457, 445
583, 0.8114661574363708, 13, 233, 93, 454
583, 0.9046778082847595, 361, 242, 459, 445
584, 0.7337585687637329, 13, 232, 89, 454
584, 0.891481876373291, 354, 242, 461, 445
585, 0.7635449767112732, 18, 230, 85, 443
585, 0.8838998079299927, 338, 242, 457, 443
586, 0.7400766611099243, 11, 230, 72, 440
586, 0.8771454095840454, 339, 240, 454, 445
587, 0.6963902711868286, 10, 224, 72, 444
587, 0.8801316618919373, 338, 242, 453, 445
588, 0.7473421692848206, 10, 226, 71, 437
588, 0.874305784702301, 334, 247, 453, 442
589, 0.7840245962142944, 9, 224, 70, 438
589, 0.8762935996055603, 333, 244, 447, 444
590, 0.8036184310913086, 7, 225, 69, 435
590, 0.8776851892471313, 331, 245, 447, 442
591, 0.7934533953666687, 2, 227, 67, 434
591, 0.868744432926178, 331, 242, 443, 445
592, 0.7728960514068604, 1, 225, 64, 438
592, 0.8692644238471985, 330, 244, 444, 443
593, 0.7358351349830627, 0, 225, 62, 438
593, 0.8627493977546692, 333, 242, 439, 445
594, 0.6938239336013794, 0, 223, 60, 442
594, 0.861016035079956, 333, 242, 437, 446
595, 0.7140848636627197, 0, 224, 56, 441
595, 0.8534635305404663, 331, 244, 434, 445
596, 0.6585866808891296, 0, 225, 54, 441
596, 0.8537700772285461, 330, 242, 430, 445
597, 0.6209990382194519, 0, 225, 53, 438
597, 0.8389230966567993, 326, 242, 424, 446
598, 0.5092285871505737, 0, 224, 54, 438
598, 0.842379629611969, 325, 240, 419, 446
599, 0.5566582083702087, 583, 269, 599, 315
599, 0.5741512775421143, 0, 227, 53, 436
599, 0.8665974140167236, 326, 239, 411, 447
600, 0.6067085862159729, 580, 268, 596, 316
600, 0.5572700500488281, 0, 257, 42, 436
600, 0.8949187994003296, 327, 238, 407, 447
601, 0.5499412417411804, 580, 270, 596, 317
601, 0.5894193053245544, 0, 256, 43, 436
601, 0.8960967063903809, 327, 239, 401, 444
602, 0.6165863871574402, 0, 253, 41, 440
602, 0.9035204648971558, 329, 237, 398, 446
603, 0.616199791431427, 0, 263, 43, 436
603, 0.8957977890968323, 325, 238, 399, 445
604, 0.8604238629341125, 318, 239, 392, 440
604, 0.5668500065803528, 0, 268, 42, 434
605, 0.5803772807121277, 0, 272, 43, 435
605, 0.8579278588294983, 314, 237, 391, 449
606, 0.811399519443512, 316, 242, 387, 436
606, 0.5055871605873108, 0, 270, 38, 442
607, 0.8354209065437317, 309, 239, 385, 446
608, 0.8382011651992798, 307, 240, 381, 446
609, 0.8271710276603699, 304, 242, 380, 445
610, 0.8089057207107544, 299, 242, 377, 446
611, 0.8235194087028503, 297, 239, 377, 448
612, 0.825395941734314, 292, 238, 376, 449
613, 0.8262292146682739, 284, 238, 377, 449
614, 0.8291239142417908, 281, 242, 375, 445
615, 0.8414141535758972, 283, 234, 374, 444
616, 0.8659518361091614, 270, 240, 377, 445
617, 0.8606505393981934, 270, 240, 376, 446
618, 0.8656139373779297, 266, 240, 376, 445
619, 0.869721531867981, 265, 240, 377, 444
620, 0.8809036016464233, 262, 241, 378, 444
621, 0.5477856397628784, 581, 270, 595, 316
621, 0.8782340884208679, 251, 244, 369, 443
622, 0.5377625226974487, 581, 269, 596, 316
622, 0.8744103312492371, 258, 246, 363, 442
623, 0.559008777141571, 582, 268, 597, 316
623, 0.8672621846199036, 258, 244, 362, 444
624, 0.5903059840202332, 582, 268, 599, 317
624, 0.8508221507072449, 256, 244, 362, 444
625, 0.5908672213554382, 583, 267, 599, 317
625, 0.8509003520011902, 258, 242, 361, 445
626, 0.546838104724884, 585, 268, 601, 316
626, 0.8395933508872986, 255, 240, 358, 446
627, 0.5299764275550842, 585, 267, 602, 317
627, 0.8195962309837341, 249, 239, 355, 446
628, 0.8122062683105469, 244, 236, 345, 439
629, 0.8132205009460449, 247, 239, 350, 447
630, 0.8135409951210022, 251, 235, 336, 440
631, 0.815212607383728, 248, 235, 336, 439
632, 0.8247010111808777, 245, 235, 335, 440
633, 0.8388392329216003, 242, 236, 330, 441
634, 0.536923348903656, 585, 268, 601, 317
634, 0.8499736785888672, 239, 232, 326, 445
635, 0.5611424446105957, 583, 267, 600, 316
635, 0.8283544778823853, 239, 235, 319, 449
636, 0.6011079549789429, 582, 267, 599, 317
636, 0.8297381401062012, 239, 235, 314, 449
637, 0.5732767581939697, 581, 268, 597, 316
637, 0.8350750803947449, 237, 235, 311, 448
638, 0.5138310194015503, 581, 269, 594, 315
638, 0.8496497869491577, 230, 236, 303, 448
639, 0.8864255547523499, 230, 234, 301, 451
640, 0.8794277906417847, 227, 235, 300, 450
641, 0.8445156812667847, 220, 237, 293, 451
642, 0.8390011787414551, 218, 236, 289, 451
643, 0.8325017094612122, 215, 235, 288, 451
644, 0.8223526477813721, 214, 235, 288, 451
645, 0.5939934253692627, 581, 267, 598, 319
645, 0.8376402258872986, 209, 234, 288, 452
646, 0.6074167490005493, 582, 267, 599, 319
646, 0.8275719881057739, 208, 234, 289, 451
647, 0.5783514380455017, 583, 267, 600, 318
647, 0.8344758152961731, 198, 228, 282, 447
648, 0.5502268671989441, 586, 266, 602, 318
648, 0.832165002822876, 194, 237, 289, 449
649, 0.8426637649536133, 189, 239, 290, 448
650, 0.8530672192573547, 185, 242, 289, 446
651, 0.8438131213188171, 179, 241, 290, 447
652, 0.8416787981987, 174, 241, 289, 446
653, 0.8463064432144165, 171, 243, 287, 446
654, 0.8411840200424194, 155, 242, 283, 448
655, 0.8219858407974243, 160, 241, 278, 450
656, 0.8259792923927307, 158, 242, 279, 449
657, 0.8339775204658508, 155, 241, 281, 449
658, 0.8291693925857544, 158, 240, 277, 449
659, 0.8267233967781067, 158, 244, 273, 446
660, 0.8220745325088501, 157, 244, 269, 447
661, 0.8170158267021179, 156, 245, 268, 447
662, 0.5415582060813904, 583, 267, 599, 312
662, 0.8292664289474487, 155, 242, 261, 448
663, 0.5602365732192993, 581, 266, 598, 313
663, 0.8086219429969788, 156, 243, 263, 450
664, 0.7782033085823059, 157, 245, 254, 446
665, 0.7988356947898865, 148, 246, 246, 445
666, 0.8138548135757446, 148, 241, 241, 447
667, 0.799699068069458, 151, 236, 238, 451
668, 0.8188402056694031, 148, 239, 234, 448
669, 0.8345425128936768, 145, 240, 230, 446
670, 0.8181180953979492, 144, 242, 226, 445
671, 0.7678248286247253, 132, 244, 214, 442
672, 0.7864413261413574, 130, 240, 207, 447
673, 0.784728467464447, 131, 239, 202, 438
674, 0.7898858785629272, 124, 236, 197, 441
675, 0.7750316858291626, 121, 239, 197, 448
676, 0.7728821039199829, 116, 236, 197, 450
677, 0.7313536405563354, 113, 236, 194, 450
678, 0.7532039284706116, 105, 236, 194, 450
679, 0.7804283499717712, 103, 232, 192, 442
680, 0.7913448810577393, 97, 237, 194, 448
681, 0.8163647055625916, 94, 239, 192, 449
682, 0.8053181767463684, 90, 240, 193, 448
683, 0.8022421002388, 82, 240, 197, 448
684, 0.8329939842224121, 71, 242, 190, 446
685, 0.8481245040893555, 74, 240, 187, 447
686, 0.8439872860908508, 72, 240, 190, 448
687, 0.8366196751594543, 71, 243, 190, 446
688, 0.8019373416900635, 70, 246, 188, 444
689, 0.806069552898407, 71, 244, 187, 445
690, 0.8208772540092468, 67, 245, 190, 446
691, 0.812494158744812, 67, 244, 189, 447
692, 0.8003044724464417, 66, 244, 185, 447
693, 0.7942718267440796, 58, 246, 184, 447
694, 0.7976380586624146, 56, 244, 179, 450
695, 0.8307331800460815, 58, 245, 175, 449
696, 0.8314495086669922, 56, 244, 174, 449
697, 0.832634449005127, 56, 242, 167, 449
698, 0.8226970434188843, 54, 242, 162, 450
699, 0.8185189962387085, 57, 244, 155, 450
700, 0.8037285804748535, 56, 244, 147, 449
701, 0.8022181987762451, 51, 241, 144, 451
702, 0.8034306764602661, 51, 239, 139, 452
703, 0.7720399498939514, 52, 240, 135, 449
704, 0.7752029895782471, 40, 238, 124, 452
705, 0.7789274454116821, 39, 237, 120, 455
706, 0.7971543669700623, 36, 237, 112, 456
707, 0.7784923911094666, 30, 237, 105, 457
708, 0.7668762803077698, 27, 234, 98, 460
709, 0.7623777985572815, 25, 235, 98, 458
710, 0.7743731141090393, 24, 237, 98, 456
711, 0.6226481795310974, 582, 265, 597, 317
711, 0.7687169313430786, 21, 234, 97, 459
712, 0.6023842692375183, 582, 265, 597, 317
712, 0.7686505913734436, 17, 235, 96, 458
713, 0.5976817011833191, 582, 264, 598, 317
713, 0.7679950594902039, 13, 234, 97, 459
714, 0.6205504536628723, 583, 264, 601, 318
714, 0.7759475111961365, 8, 237, 96, 458
715, 0.5691185593605042, 586, 265, 604, 318
715, 0.7813887000083923, 5, 238, 97, 457
716, 0.7916696667671204, 1, 236, 98, 457
717, 0.7949798703193665, 3, 240, 98, 453
718, 0.8017526865005493, 2, 242, 99, 451
719, 0.8048984408378601, 1, 239, 99, 451
720, 0.7892623543739319, 3, 240, 98, 450
721, 0.7957209348678589, 4, 237, 98, 452
722, 0.7737313508987427, 4, 236, 98, 452
723, 0.7598870992660522, 2, 239, 98, 451
724, 0.768049418926239, 5, 237, 96, 452
725, 0.7482463121414185, 2, 239, 96, 452
726, 0.7142966985702515, 5, 244, 77, 458
727, 0.7601608037948608, 5, 246, 75, 458
728, 0.7242305874824524, 4, 248, 77, 459
729, 0.691881537437439, 5, 246, 66, 462
730, 0.5581658482551575, 5, 246, 67, 463
815, 0.5242640972137451, 587, 266, 604, 318
816, 0.5715903639793396, 584, 265, 602, 318
817, 0.6043071746826172, 583, 265, 600, 317
818, 0.6073180437088013, 581, 265, 599, 317
819, 0.5910820960998535, 581, 265, 597, 316
820, 0.5895015597343445, 580, 265, 596, 316
821, 0.6055920720100403, 580, 264, 597, 317
822, 0.5845752954483032, 580, 264, 597, 316
823, 0.579793393611908, 580, 264, 597, 316
824, 0.5819954872131348, 581, 265, 596, 317
825, 0.5879316329956055, 580, 265, 596, 317
826, 0.5993480682373047, 580, 265, 596, 317
827, 0.6385799646377563, 580, 263, 596, 318
828, 0.6020857095718384, 580, 264, 596, 318
829, 0.6206525564193726, 581, 263, 597, 317
830, 0.645531415939331, 581, 262, 598, 317
831, 0.6308391690254211, 582, 263, 599, 317
832, 0.6002711653709412, 583, 264, 600, 316
833, 0.5937448143959045, 583, 264, 601, 316
833, 0.5685391426086426, 784, 215, 851, 569
834, 0.5631006360054016, 585, 264, 603, 317
834, 0.6049649119377136, 784, 218, 851, 570
835, 0.5388557314872742, 587, 265, 604, 317
835, 0.6124985218048096, 783, 219, 851, 568
836, 0.5528097152709961, 587, 265, 604, 318
836, 0.6818162798881531, 783, 219, 851, 566
837, 0.6712708473205566, 784, 216, 851, 565
838, 0.6238589286804199, 782, 218, 851, 561
839, 0.6573176383972168, 780, 217, 851, 563
840, 0.6948394179344177, 778, 220, 851, 559
841, 0.7249479293823242, 777, 224, 851, 557
842, 0.7201706171035767, 779, 224, 850, 554
843, 0.7362641096115112, 758, 219, 848, 561
844, 0.7247036099433899, 758, 215, 849, 559
845, 0.706562876701355, 780, 222, 851, 552
846, 0.7340348362922668, 758, 210, 848, 560
847, 0.7758591771125793, 752, 209, 851, 564
848, 0.8231797814369202, 748, 209, 851, 572
849, 0.827664852142334, 742, 210, 851, 570
850, 0.826826810836792, 734, 212, 851, 569
851, 0.8298555612564087, 727, 213, 851, 568
852, 0.8321074843406677, 717, 213, 850, 565
853, 0.8214021325111389, 711, 214, 848, 566
854, 0.8136075139045715, 705, 217, 846, 564
855, 0.8152663111686707, 695, 224, 846, 558
856, 0.7876031398773193, 689, 222, 846, 553
857, 0.8387497663497925, 681, 222, 838, 556
858, 0.8503535389900208, 675, 221, 841, 559
859, 0.841670036315918, 673, 223, 841, 561
860, 0.8208679556846619, 667, 222, 844, 563
861, 0.8215492963790894, 663, 221, 841, 569
862, 0.82585608959198, 659, 224, 838, 571
863, 0.8224292397499084, 655, 227, 830, 576
864, 0.8193017840385437, 652, 223, 825, 579
865, 0.8238114714622498, 651, 222, 824, 582
866, 0.8136605620384216, 649, 224, 824, 585
867, 0.8023175001144409, 647, 227, 823, 583
868, 0.7859692573547363, 644, 227, 823, 585
869, 0.759827733039856, 644, 225, 824, 583
870, 0.743607223033905, 643, 222, 820, 585
871, 0.7312027215957642, 645, 223, 819, 586
872, 0.7154525518417358, 644, 225, 814, 581
873, 0.7431047558784485, 642, 221, 813, 582
874, 0.7448219060897827, 641, 220, 814, 582
875, 0.7847633361816406, 635, 217, 813, 587
876, 0.8239340782165527, 634, 214, 811, 584
877, 0.8233941793441772, 635, 218, 808, 582
878, 0.734512209892273, 639, 210, 773, 595
879, 0.7389256954193115, 639, 211, 768, 592
880, 0.5408657789230347, 586, 265, 604, 317
880, 0.7601485252380371, 637, 208, 767, 592
881, 0.6146389245986938, 583, 264, 602, 317
881, 0.7778593301773071, 634, 213, 770, 590
882, 0.6545198559761047, 580, 263, 599, 318
882, 0.7891708612442017, 633, 210, 751, 591
883, 0.6273009777069092, 579, 264, 598, 318
883, 0.8031606078147888, 630, 207, 745, 596
884, 0.6565414071083069, 579, 264, 598, 319
884, 0.7711459398269653, 631, 205, 740, 595
885, 0.6506695747375488, 579, 263, 597, 321
885, 0.7662554383277893, 634, 206, 736, 594
886, 0.6384338736534119, 579, 262, 597, 322
886, 0.7614721655845642, 629, 204, 735, 592
887, 0.6187888383865356, 580, 264, 597, 322
887, 0.7740570306777954, 626, 203, 730, 596
888, 0.6280781626701355, 580, 264, 597, 322
888, 0.7589899301528931, 623, 204, 730, 599
889, 0.6432577967643738, 580, 263, 597, 321
889, 0.7841209769248962, 607, 204, 722, 596
890, 0.6753459572792053, 580, 262, 597, 322
890, 0.7802746295928955, 597, 215, 719, 589
891, 0.7015435099601746, 580, 261, 598, 323
891, 0.7991747856140137, 594, 216, 715, 591
892, 0.7005999088287354, 580, 260, 598, 324
892, 0.8284775018692017, 590, 217, 713, 585
893, 0.7109599709510803, 581, 261, 599, 324
893, 0.8347993493080139, 585, 216, 708, 589
894, 0.7221847176551819, 581, 259, 599, 326
894, 0.8269917368888855, 577, 216, 705, 591
895, 0.6977199912071228, 582, 260, 600, 326
895, 0.8143615126609802, 567, 220, 702, 584
896, 0.6526280641555786, 585, 262, 604, 323
896, 0.8089152574539185, 559, 219, 704, 583
897, 0.6200778484344482, 586, 262, 606, 322
897, 0.7976725697517395, 548, 225, 701, 577
898, 0.6255412697792053, 587, 263, 606, 321
898, 0.8173395991325378, 546, 224, 702, 578
899, 0.5595383048057556, 589, 264, 607, 318
899, 0.8194769620895386, 545, 223, 701, 579
900, 0.5822598338127136, 587, 265, 606, 317
900, 0.8254515528678894, 542, 227, 701, 575
901, 0.8286542296409607, 540, 230, 701, 578
902, 0.8242142796516418, 536, 229, 701, 583
903, 0.8232265710830688, 531, 228, 703, 585
904, 0.8333349227905273, 527, 224, 705, 587
905, 0.8373125195503235, 525, 221, 707, 586
906, 0.8380550742149353, 526, 222, 708, 589
907, 0.827166736125946, 524, 225, 703, 589
908, 0.8050991892814636, 525, 227, 707, 588
909, 0.7965229153633118, 524, 226, 705, 588
910, 0.7981439828872681, 521, 225, 699, 589
911, 0.8037919998168945, 518, 226, 690, 586
912, 0.8124228119850159, 516, 227, 681, 584
913, 0.8133569359779358, 515, 228, 676, 581
914, 0.8294565677642822, 511, 229, 669, 580
915, 0.8671876788139343, 508, 227, 670, 579
916, 0.8752508163452148, 510, 224, 664, 579
917, 0.8178726434707642, 510, 231, 662, 576
918, 0.7999677658081055, 518, 219, 617, 586
919, 0.7983272075653076, 515, 219, 606, 587
920, 0.7999531030654907, 504, 221, 603, 582
921, 0.7819064259529114, 497, 223, 599, 578
922, 0.8086486458778381, 486, 226, 601, 576
923, 0.8347960710525513, 455, 216, 607, 580
924, 0.8312972187995911, 450, 217, 606, 581
925, 0.828485369682312, 450, 217, 600, 581
926, 0.838746190071106, 448, 214, 594, 583
927, 0.8565719723701477, 439, 221, 593, 578
928, 0.8549133539199829, 439, 226, 593, 571
929, 0.8428403735160828, 436, 228, 587, 569
930, 0.8422236442565918, 428, 230, 587, 569
931, 0.8364323973655701, 421, 226, 588, 572
932, 0.7976315021514893, 407, 233, 572, 571
933, 0.8660731315612793, 400, 229, 578, 577
934, 0.8694065809249878, 396, 223, 580, 583
935, 0.8937016725540161, 393, 217, 581, 586
936, 0.8648405075073242, 384, 213, 584, 589
937, 0.8591628074645996, 384, 207, 583, 597
938, 0.8580433130264282, 384, 203, 582, 603
939, 0.8071547150611877, 383, 203, 585, 604
940, 0.8171425461769104, 376, 208, 586, 604
941, 0.8480421304702759, 395, 209, 598, 599
942, 0.882066011428833, 398, 213, 595, 595
943, 0.8376893997192383, 394, 212, 564, 601
944, 0.5974777936935425, 583, 264, 600, 320
944, 0.8444321155548096, 391, 208, 555, 601
945, 0.6571622490882874, 583, 264, 600, 320
945, 0.8474511504173279, 384, 205, 559, 599
946, 0.6889523267745972, 584, 263, 601, 319
946, 0.8683908581733704, 381, 197, 550, 599
947, 0.6895801424980164, 584, 263, 601, 319
947, 0.878866970539093, 384, 197, 541, 602
948, 0.684626042842865, 583, 262, 601, 318
948, 0.8726023435592651, 386, 194, 535, 600
949, 0.6836987733840942, 583, 262, 601, 318
949, 0.8889182806015015, 387, 194, 527, 597
950, 0.686289370059967, 583, 262, 600, 319
950, 0.8910425305366516, 387, 193, 524, 599
951, 0.697207510471344, 583, 262, 600, 318
951, 0.8731839656829834, 384, 205, 523, 588
952, 0.6808708310127258, 582, 262, 599, 316
952, 0.8754536509513855, 383, 195, 495, 592
953, 0.6108423471450806, 581, 263, 598, 313
953, 0.8707707524299622, 375, 194, 491, 593
954, 0.5453129410743713, 581, 264, 597, 312
954, 0.8843463063240051, 373, 189, 485, 605
955, 0.8889973163604736, 366, 189, 482, 602
956, 0.8641663789749146, 355, 196, 475, 601
957, 0.8438878059387207, 350, 203, 470, 594
958, 0.8311718106269836, 335, 203, 464, 590
959, 0.8852493166923523, 327, 196, 467, 592
960, 0.880456268787384, 326, 195, 465, 588
961, 0.8609248995780945, 315, 199, 457, 579
962, 0.8580138087272644, 310, 197, 453, 580
963, 0.8645923137664795, 310, 196, 449, 580
964, 0.8860012888908386, 304, 193, 447, 582
965, 0.8806630373001099, 299, 196, 447, 581
966, 0.8918541073799133, 290, 200, 448, 581
967, 0.8904134035110474, 279, 200, 451, 583
968, 0.8671746253967285, 277, 201, 453, 584
969, 0.8457622528076172, 274, 206, 454, 581
970, 0.8259522914886475, 274, 208, 453, 581
971, 0.8316364884376526, 264, 209, 443, 585
972, 0.8373045921325684, 265, 212, 441, 584
973, 0.5522717833518982, 581, 267, 596, 313
973, 0.848610520362854, 265, 210, 440, 580
974, 0.5951080322265625, 581, 265, 596, 315
974, 0.8568531274795532, 267, 208, 439, 579
975, 0.6482114791870117, 582, 265, 598, 318
975, 0.8778764605522156, 268, 200, 458, 581
976, 0.644070029258728, 583, 264, 601, 318
976, 0.9026205539703369, 264, 200, 459, 586
977, 0.620912492275238, 583, 264, 602, 319
977, 0.9233853220939636, 263, 197, 459, 592
978, 0.5753796696662903, 586, 265, 605, 318
978, 0.9249922633171082, 265, 196, 458, 595
979, 0.5676833391189575, 588, 266, 607, 318
979, 0.9120136499404907, 268, 195, 455, 594
980, 0.5764972567558289, 588, 265, 607, 318
980, 0.9124361872673035, 267, 193, 457, 595
981, 0.586384117603302, 588, 265, 606, 319
981, 0.8818457722663879, 268, 201, 455, 586
982, 0.6013523936271667, 587, 264, 605, 319
982, 0.8808689117431641, 271, 202, 451, 591
983, 0.6191439032554626, 586, 263, 605, 318
983, 0.9177602529525757, 270, 200, 451, 594
984, 0.6466352343559265, 585, 262, 604, 319
984, 0.8448702096939087, 274, 210, 448, 582
985, 0.6299938559532166, 586, 262, 604, 319
985, 0.8430408835411072, 264, 207, 428, 580
986, 0.6458690762519836, 585, 262, 604, 318
986, 0.8279268145561218, 261, 205, 419, 576
987, 0.6437532901763916, 584, 261, 604, 319
987, 0.842523992061615, 258, 200, 404, 578
988, 0.6314863562583923, 584, 261, 603, 318
988, 0.8344829082489014, 259, 205, 395, 574
989, 0.618476390838623, 584, 263, 603, 317
989, 0.8493632078170776, 257, 193, 388, 582
990, 0.6298272609710693, 583, 263, 602, 317
990, 0.8721614480018616, 255, 189, 383, 586
991, 0.6328303813934326, 582, 264, 601, 316
991, 0.8843972682952881, 256, 185, 379, 598
992, 0.5818476676940918, 582, 263, 600, 316
992, 0.8067492842674255, 258, 186, 374, 594
993, 0.8060135245323181, 247, 197, 360, 578
994, 0.5461435317993164, 581, 265, 597, 314
994, 0.81031733751297, 241, 200, 352, 570
995, 0.8073399066925049, 233, 202, 346, 569
996, 0.7941927909851074, 231, 196, 341, 575
997, 0.7841709852218628, 226, 198, 336, 572
998, 0.7946079969406128, 224, 200, 332, 574
999, 0.8061623573303223, 223, 201, 333, 572
1000, 0.5091840028762817, 582, 265, 597, 315
1000, 0.8203949332237244, 216, 208, 337, 567
1001, 0.5249853134155273, 582, 265, 598, 315
1001, 0.890923023223877, 198, 201, 335, 576
1002, 0.5078524947166443, 582, 265, 598, 314
1002, 0.8745680451393127, 195, 202, 337, 577
1003, 0.8594638705253601, 190, 205, 339, 577
1004, 0.5143157839775085, 582, 265, 599, 314
1004, 0.8331882357597351, 181, 211, 341, 574
1005, 0.5493506193161011, 582, 266, 599, 315
1005, 0.8442648649215698, 172, 205, 336, 583
1006, 0.5326936841011047, 583, 265, 600, 315
1006, 0.8480071425437927, 172, 204, 333, 582
1007, 0.6059471964836121, 584, 265, 601, 317
1007, 0.8393999338150024, 172, 198, 332, 588
1008, 0.6192640066146851, 584, 264, 602, 316
1008, 0.8304860591888428, 169, 198, 332, 587
1009, 0.617655336856842, 584, 264, 602, 317
1009, 0.8210137486457825, 163, 206, 329, 582
1010, 0.6160871982574463, 585, 264, 602, 316
1010, 0.8294797539710999, 158, 209, 329, 578
1011, 0.6199333071708679, 585, 263, 603, 316
1011, 0.8225096464157104, 155, 208, 329, 579
1012, 0.6359636783599854, 585, 263, 603, 317
1012, 0.8228541016578674, 155, 205, 326, 579
1013, 0.58645099401474, 585, 265, 602, 315
1013, 0.8047951459884644, 157, 210, 327, 581
1014, 0.6003696918487549, 586, 264, 604, 316
1014, 0.813850462436676, 155, 212, 326, 579
1015, 0.5918612480163574, 586, 264, 604, 316
1015, 0.8089233636856079, 155, 214, 327, 577
1016, 0.5825040340423584, 587, 265, 605, 317
1016, 0.8227009177207947, 156, 209, 327, 583
1017, 0.5253083109855652, 588, 266, 606, 316
1017, 0.812970757484436, 155, 211, 326, 585
1018, 0.7895342707633972, 154, 210, 330, 585
1019, 0.5120507478713989, 589, 265, 607, 316
1019, 0.7941767573356628, 154, 209, 331, 580
1020, 0.7879685163497925, 150, 207, 328, 580
1021, 0.5244218707084656, 589, 265, 607, 316
1021, 0.8106708526611328, 152, 203, 326, 577
1022, 0.5085952877998352, 589, 265, 608, 316
1022, 0.8170263171195984, 157, 202, 318, 580
1023, 0.8358972668647766, 157, 201, 312, 580
1024, 0.8450447916984558, 153, 202, 311, 575
1025, 0.5051008462905884, 590, 265, 610, 317
1025, 0.8663870692253113, 151, 205, 307, 577
1026, 0.5157684087753296, 590, 265, 609, 317
1026, 0.8726758360862732, 149, 206, 305, 582
1027, 0.5101529955863953, 590, 265, 609, 317
1027, 0.8849506378173828, 147, 206, 305, 585
1028, 0.8055427074432373, 143, 208, 280, 579
1029, 0.8222211003303528, 142, 204, 273, 586
1030, 0.8241228461265564, 142, 202, 267, 584
1031, 0.5366277694702148, 590, 265, 608, 317
1031, 0.8176206946372986, 142, 202, 259, 584
1032, 0.5128760933876038, 590, 267, 609, 318
1032, 0.8078857660293579, 140, 204, 254, 578
1033, 0.8024426102638245, 136, 205, 247, 573
1034, 0.5086410045623779, 592, 267, 610, 317
1034, 0.7979578375816345, 134, 196, 241, 578
1035, 0.5139346718788147, 592, 267, 610, 316
1035, 0.8202208876609802, 132, 194, 239, 580
1036, 0.5216048955917358, 592, 267, 610, 316
1036, 0.8289027810096741, 120, 195, 230, 580
1037, 0.5274376273155212, 592, 266, 610, 317
1037, 0.7772097587585449, 114, 199, 224, 578
1038, 0.5067530274391174, 593, 266, 610, 316
1038, 0.7853246927261353, 108, 201, 223, 583
1039, 0.8044965267181396, 109, 196, 220, 587
1040, 0.8208571672439575, 102, 201, 219, 588
1041, 0.8240591883659363, 100, 199, 217, 589
1042, 0.5010311603546143, 591, 266, 609, 316
1042, 0.8309153318405151, 95, 199, 215, 589
1043, 0.8373594880104065, 90, 199, 215, 592
1044, 0.8540144562721252, 82, 201, 215, 590
1045, 0.8526623249053955, 77, 204, 217, 591
1046, 0.5143488049507141, 590, 265, 607, 314
1046, 0.8353214859962463, 73, 206, 217, 588
1047, 0.5155578851699829, 590, 266, 607, 314
1047, 0.8231738209724426, 70, 206, 218, 589
1048, 0.5443304181098938, 588, 264, 605, 314
1048, 0.8370277285575867, 66, 209, 218, 590
1049, 0.6149863004684448, 585, 263, 603, 316
1049, 0.8466012477874756, 66, 210, 215, 591
1050, 0.6149182319641113, 585, 263, 603, 317
1050, 0.8489041924476624, 63, 211, 216, 589
1051, 0.6044409871101379, 585, 264, 603, 316
1051, 0.8555336594581604, 61, 211, 216, 591
1052, 0.6175392866134644, 585, 264, 603, 315
1052, 0.8656814098358154, 61, 210, 216, 592
1053, 0.6308032870292664, 583, 263, 601, 314
1053, 0.8568043112754822, 61, 212, 215, 590
1054, 0.6369370818138123, 582, 263, 600, 314
1054, 0.8499309420585632, 59, 215, 216, 589
1055, 0.5883132815361023, 581, 265, 597, 314
1055, 0.8531983494758606, 60, 213, 216, 590
1056, 0.8452134132385254, 59, 214, 217, 589
1057, 0.8536745309829712, 59, 214, 218, 591
1058, 0.8438907861709595, 62, 217, 214, 591
1059, 0.8481555581092834, 61, 217, 213, 590
1060, 0.8427792191505432, 61, 217, 213, 589
1061, 0.8541485071182251, 57, 217, 216, 591
1062, 0.8419638872146606, 56, 200, 188, 610
1063, 0.8471959829330444, 56, 197, 174, 611
1064, 0.8399043679237366, 56, 197, 168, 605
1065, 0.8169617056846619, 56, 200, 164, 592
1066, 0.8103193044662476, 54, 199, 160, 588
1067, 0.8154301047325134, 53, 197, 153, 589
1068, 0.8164997100830078, 51, 199, 150, 588
1069, 0.8215555548667908, 48, 199, 147, 586
1070, 0.8363004326820374, 29, 195, 142, 593
1071, 0.8091413974761963, 26, 194, 141, 594
1072, 0.7990044951438904, 23, 195, 140, 595
1073, 0.7932239770889282, 22, 191, 138, 598
1074, 0.7950747609138489, 20, 189, 137, 602
1075, 0.795525074005127, 17, 188, 136, 603
1076, 0.7980092167854309, 17, 186, 134, 602
1077, 0.7893373966217041, 14, 187, 132, 601
1078, 0.7948065996170044, 13, 190, 130, 598
1079, 0.7909399271011353, 10, 192, 130, 600
1080, 0.7755427360534668, 7, 195, 130, 595
1081, 0.767323911190033, 6, 195, 131, 594
1082, 0.7570129632949829, 8, 194, 129, 594
1083, 0.7777729034423828, 7, 198, 127, 589
1084, 0.789772093296051, 6, 197, 127, 594
1085, 0.7901231050491333, 6, 200, 127, 589
1086, 0.7767840623855591, 9, 201, 125, 589
1087, 0.775490403175354, 10, 200, 126, 593
1088, 0.7788313627243042, 8, 200, 125, 594
1089, 0.7841123938560486, 7, 199, 125, 599
1090, 0.7983914017677307, 5, 200, 124, 598
1091, 0.8079298138618469, 3, 200, 127, 598
1092, 0.5059068202972412, 585, 269, 601, 316
1092, 0.7974793910980225, 4, 200, 126, 596
1093, 0.7881278991699219, 4, 204, 129, 595
1094, 0.7896525263786316, 2, 207, 132, 592
1095, 0.5070295929908752, 586, 269, 602, 315
1095, 0.7914986610412598, 0, 207, 133, 591
1096, 0.5319559574127197, 586, 269, 602, 315
1096, 0.8050589561462402, 0, 209, 134, 591
1097, 0.5671905875205994, 586, 268, 603, 317
1097, 0.8026880621910095, 0, 211, 135, 587
1098, 0.5802099704742432, 586, 267, 603, 317
1098, 0.7852777242660522, 0, 214, 135, 583
1099, 0.5840125679969788, 586, 266, 604, 318
1099, 0.7738252282142639, 0, 210, 130, 582
1100, 0.6041761636734009, 586, 265, 604, 318
1100, 0.7597894072532654, 0, 210, 127, 582
1101, 0.613288164138794, 585, 264, 604, 319
1101, 0.7158128023147583, 0, 207, 124, 588
1102, 0.5818637013435364, 586, 265, 605, 319
1102, 0.682049572467804, 0, 203, 121, 594
1103, 0.5712286233901978, 587, 264, 606, 318
1103, 0.6981596350669861, 0, 203, 117, 589
1104, 0.5625198483467102, 587, 264, 606, 318
1104, 0.6793189644813538, 0, 195, 114, 607
1105, 0.546321451663971, 587, 264, 606, 317
1105, 0.6217787861824036, 0, 198, 111, 603
1106, 0.5599454045295715, 586, 264, 605, 318
1106, 0.6560268402099609, 0, 201, 109, 595
1107, 0.5612534880638123, 586, 263, 604, 318
1107, 0.6279827952384949, 0, 210, 107, 585
1108, 0.5388445258140564, 588, 264, 605, 317
1108, 0.5046491622924805, 2, 201, 67, 593
1109, 0.5445045232772827, 587, 264, 604, 316
1110, 0.5429633855819702, 587, 264, 604, 316
1111, 0.5379323959350586, 587, 264, 604, 316
1111, 0.5091361403465271, 2, 187, 57, 613
1112, 0.5424623489379883, 587, 264, 605, 317
1112, 0.5906659364700317, 0, 180, 50, 620
1113, 0.5296958088874817, 588, 265, 605, 316
1113, 0.5764268040657043, 0, 166, 47, 633
1114, 0.5249658823013306, 588, 265, 605, 316
1114, 0.5923564434051514, 1, 157, 45, 642
1115, 0.5363898277282715, 588, 265, 606, 317
1115, 0.5343568325042725, 1, 164, 43, 636
1116, 0.5383179783821106, 588, 266, 606, 317
1117, 0.5332568883895874, 589, 266, 606, 317
1118, 0.5589998364448547, 589, 266, 607, 319
1119, 0.5552341938018799, 589, 266, 607, 319
1120, 0.5398235321044922, 590, 266, 608, 319
1121, 0.5285505652427673, 590, 266, 607, 318
1122, 0.536166787147522, 590, 265, 607, 318
1123, 0.5060285925865173, 592, 266, 608, 316
1125, 0.5160568356513977, 591, 266, 608, 315
1126, 0.5719605088233948, 589, 265, 606, 315
1127, 0.5878264307975769, 588, 265, 606, 316
1128, 0.588852047920227, 588, 265, 605, 316
1129, 0.5975235104560852, 587, 265, 605, 315
1130, 0.609346866607666, 586, 264, 604, 315
1131, 0.622058093547821, 586, 264, 604, 316
1132, 0.6186793446540833, 587, 264, 604, 316
1133, 0.6172013282775879, 586, 264, 604, 316
1134, 0.6301830410957336, 585, 264, 603, 316
1135, 0.6548564434051514, 583, 263, 601, 314
1136, 0.6526896953582764, 582, 263, 600, 313
1137, 0.6044642329216003, 582, 265, 599, 313
